acacia_door_bottom 0.6388747 0.35978264 0.22502133 0.71875
acacia_door_top 0.65833336 0.373636 0.23808612 0.71875
acacia_leaves 0.5860891 0.5830154 0.5830154 0.578125
acacia_log 0.404902 0.37873778 0.34085482 1.0
acacia_log_top 0.5917893 0.3483916 0.21632968 1.0
acacia_planks 0.65934443 0.3543965 0.19696693 1.0
acacia_sapling 0.46550083 0.46235654 0.09266915 0.43359375
acacia_trapdoor 0.6145058 0.34197682 0.20106043 0.765625
activator_rail 0.45100555 0.3419809 0.29147813 0.609375
activator_rail_on 0.56229264 0.34258422 0.29095024 0.609375
allium 0.62342626 0.5380805 0.72125906 0.1484375
amethyst_block 0.5246477 0.3842525 0.7500154 1.0
amethyst_cluster 0.64254904 0.49750704 0.8128012 0.546875
ancient_debris_side 0.37538302 0.2499694 0.21908703 1.0
ancient_debris_top 0.37181377 0.26070777 0.22916669 1.0
andesite 0.53393084 0.53435975 0.5363818 1.0
anvil 0.26873472 0.26873472 0.26873472 1.0
anvil_top 0.2844363 0.2844363 0.2844363 0.625
attached_melon_stem 0.5551991 0.5573381 0.5551991 0.12890625
attached_pumpkin_stem 0.5453357 0.5453357 0.5453357 0.12890625
azalea_leaves 0.35369763 0.45054248 0.17334528 0.76953125
azalea_plant 0.35909185 0.4304025 0.16745098 0.7421875
azalea_side 0.3685256 0.46264324 0.1781258 0.6015625
azalea_top 0.39923412 0.4892004 0.18653494 1.0
azure_bluet 0.6642955 0.8020064 0.49958962 0.16796875
bamboo 0.3535131 0.54673207 0.075408496 0.1875
bamboo_block 0.4988971 0.56478256 0.22565873 1.0
bamboo_block_top 0.54552704 0.55600494 0.24497552 1.0
bamboo_door_bottom 0.780959 0.6994792 0.33249086 1.0
bamboo_door_top 0.75016975 0.6723982 0.3185709 0.8125
bamboo_fence 0.81114554 0.7306273 0.35071668 0.66796875
bamboo_fence_gate 0.8145225 0.7336623 0.34800762 0.60546875
bamboo_fence_gate_particle 0.8116422 0.72788 0.33161768 1.0
bamboo_fence_particle 0.8116422 0.72788 0.33161768 1.0
bamboo_large_leaves 0.2854101 0.46164876 0.100506015 0.7265625
bamboo_mosaic 0.7458947 0.6673714 0.30625004 1.0
bamboo_planks 0.7583181 0.6788297 0.3155791 1.0
bamboo_singleleaf 0.39281046 0.5437909 0.1379085 0.046875
bamboo_small_leaves 0.2792346 0.444035 0.102764 0.32421875
bamboo_stage0 0.36249557 0.34923354 0.14067736 0.21484375
bamboo_stalk 0.36718753 0.56652886 0.0764706 1.0
bamboo_trapdoor 0.7792823 0.70320016 0.3346467 0.828125
barrel_bottom 0.4532476 0.3349878 0.19155946 1.0
barrel_side 0.42303926 0.3188726 0.19672184 1.0
barrel_top 0.5275123 0.39427087 0.22939648 1.0
barrel_top_open 0.3628064 0.26495102 0.13425247 1.0
basalt_side 0.28708643 0.284421 0.30557603 1.0
basalt_top 0.31599268 0.31957725 0.33822 1.0
beacon 0.4619792 0.866391 0.84359694 1.0
bedrock 0.33379292 0.33379292 0.33379292 1.0
bee_nest_bottom 0.6295497 0.4987286 0.3444547 1.0
bee_nest_front 0.71897984 0.55628073 0.29852945 1.0
bee_nest_front_honey 0.7645834 0.59578747 0.29624698 1.0
bee_nest_side 0.7695773 0.59140635 0.30337015 1.0
bee_nest_top 0.79266244 0.6281404 0.29303005 1.0
beehive_end 0.70801175 0.57293206 0.3539982 1.0
beehive_front 0.6244333 0.5022519 0.3042433 1.0
beehive_front_honey 0.65641856 0.51619184 0.29030335 1.0
beehive_side 0.6165595 0.49554235 0.29733458 1.0
beetroots 0.365213 0.35990536 0.11893172 0.453125
beetroots_stage0 0.25725493 0.53934646 0.16078432 0.05859375
beetroots_stage1 0.2618301 0.54483664 0.16183008 0.1171875
beetroots_stage2 0.27250448 0.5132799 0.15459003 0.34375
beetroots_stage3 0.365213 0.35990536 0.11893172 0.453125
bell_bottom 0.7393996 0.58223045 0.16531865 0.25
bell_side 0.9910075 0.89912105 0.37971604 0.2265625
bell_top 0.99289227 0.9224266 0.43517163 0.25
big_dripleaf_side 0.29542485 0.38562092 0.17385621 0.01171875
big_dripleaf_stem 0.35835668 0.45158732 0.18015873 0.328125
big_dripleaf_tip 0.38274512 0.48901963 0.18941177 0.15625
big_dripleaf_top 0.43745777 0.556305 0.20289047 0.90625
birch_door_bottom 0.81706506 0.760861 0.56568635 1.0
birch_door_top 0.86351115 0.823024 0.69197315 1.0
birch_leaves 0.5122005 0.5068083 0.5110294 0.5625
birch_log 0.8492495 0.843168 0.82469374 1.0
birch_log_top 0.7578279 0.7036306 0.5300399 1.0
birch_planks 0.7547795 0.68742347 0.4754596 1.0
birch_sapling 0.5017207 0.63077235 0.31184477 0.3828125
birch_trapdoor 0.81182605 0.7623163 0.61608464 1.0
black_candle 0.15014006 0.14379086 0.22577032 0.08203125
black_candle_lit 0.29000935 0.19028945 0.20317462 0.08203125
black_concrete 0.03295037 0.04079351 0.060401354 1.0
black_concrete_powder 0.099203445 0.10487133 0.1253983 1.0
black_glazed_terracotta 0.26562503 0.11778494 0.12631741 1.0
black_shulker_box 0.09828433 0.09969364 0.115824156 1.0
black_stained_glass 0.09803922 0.09803922 0.09803922 0.46012563
black_stained_glass_pane_top 0.094607845 0.094607845 0.094607845 0.1127451
black_terracotta 0.1459559 0.08952207 0.06426165 1.0
black_wool 0.08079045 0.083517164 0.10052084 1.0
blackstone 0.16553311 0.13921571 0.15974267 1.0
blackstone_top 0.16645223 0.14298409 0.16464463 1.0
blast_furnace_front 0.42189038 0.4221508 0.42063424 1.0
blast_furnace_front_on 0.453531 0.4337087 0.41371787 1.0
blast_furnace_side 0.42277884 0.42153803 0.42230397 1.0
blast_furnace_top 0.3173101 0.31472123 0.3177237 1.0
blue_candle 0.22371617 0.29953316 0.6315593 0.08203125
blue_candle_lit 0.25396827 0.33295986 0.70308125 0.08203125
blue_concrete 0.174663 0.18250614 0.5624388 1.0
blue_concrete_powder 0.27544427 0.2873162 0.65424335 1.0
blue_glazed_terracotta 0.18609071 0.253508 0.5465534 1.0
blue_ice 0.45525435 0.65744495 0.99221826 1.0
blue_orchid 0.18547238 0.63725495 0.6598931 0.171875
blue_shulker_box 0.17133887 0.178845 0.54980093 1.0
blue_stained_glass 0.19873333 0.29677254 0.69803923 0.46012563
blue_stained_glass_pane_top 0.19031863 0.28884804 0.6724265 0.1127451
blue_terracotta 0.291345 0.23405334 0.3572917 1.0
blue_wool 0.20805763 0.22452515 0.6176165 1.0
bone_block_side 0.89980096 0.8859223 0.8148898 1.0
bone_block_top 0.82282484 0.8086858 0.70353866 1.0
bookshelf 0.46050864 0.3708487 0.23458949 1.0
brain_coral 0.774895 0.33182776 0.59618354 0.4375
brain_coral_block 0.8135571 0.35739893 0.6250154 1.0
brain_coral_fan 0.7944273 0.3301548 0.6036739 0.37109375
brewing_stand 0.48484284 0.39900404 0.31839404 0.4921875
brewing_stand_base 0.45559135 0.41338852 0.41338852 1.0
bricks 0.5919731 0.3826134 0.32573533 1.0
brown_candle 0.43753505 0.27469656 0.16097106 0.08203125
brown_candle_lit 0.5796452 0.37721756 0.2022409 0.08203125
brown_concrete 0.37823227 0.23351718 0.123912394 1.0
brown_concrete_powder 0.4922948 0.33273596 0.21122858 1.0
brown_glazed_terracotta 0.47046575 0.4166514 0.33704048 1.0
brown_mushroom 0.6019608 0.4581315 0.3627451 0.1328125
brown_mushroom_block 0.5856312 0.43838853 0.31943938 1.0
brown_shulker_box 0.41695777 0.2590993 0.14105394 1.0
brown_stained_glass 0.40254354 0.29677254 0.19873333 0.46012563
brown_stained_glass_pane_top 0.3822304 0.28884804 0.19031863 0.1127451
brown_terracotta 0.30287993 0.20070468 0.14001226 1.0
brown_wool 0.447978 0.2808211 0.15916055 1.0
bubble 0.38307536 0.8076368 1.0 0.296875
bubble_column 0.6055547 0.7281046 0.7836304 0.77136946
bubble_column_top 0.38307536 0.8076368 1.0 0.22265625
bubble_coral 0.63308275 0.09367537 0.6263011 0.51953125
bubble_coral_block 0.6484069 0.10324756 0.6361061 1.0
bubble_coral_fan 0.6278012 0.1277311 0.62521017 0.4375
budding_amethyst 0.5192862 0.37722126 0.7324143 1.0
cactus_bottom 0.56132454 0.66808724 0.3369548 0.765625
cactus_side 0.34719643 0.51016515 0.17765738 0.890625
cactus_top 0.33679473 0.49831936 0.16960785 0.765625
cake_bottom 0.52509004 0.24481794 0.12777111 0.765625
cake_inner 0.52356446 0.33298323 0.23742999 0.4375
cake_side 0.7966387 0.5958684 0.47780117 0.4375
cake_top 0.9729092 0.87302923 0.84001607 0.765625
calcite 0.87636346 0.8802544 0.86534935 1.0
calibrated_sculk_sensor_amethyst 0.7797795 0.62928927 0.88241434 0.25
calibrated_sculk_sensor_input_side 0.23363973 0.27401963 0.39911157 0.5
calibrated_sculk_sensor_top 0.10798102 0.3113052 0.39447004 1.0
campfire_fire 0.85987955 0.61979634 0.2276237 0.48779297
campfire_log 0.31155732 0.29232657 0.2653092 0.8125
campfire_log_lit 0.4347427 0.34685588 0.21347275 1.0
candle 0.91017747 0.78655463 0.6011205 0.08203125
candle_lit 0.9225024 0.8253969 0.68048555 0.08203125
carrots 0.32003567 0.4868806 0.14759359 0.4296875
carrots_stage0 0.17485583 0.43252596 0.15570934 0.06640625
carrots_stage1 0.20625585 0.47198883 0.15695612 0.1640625
carrots_stage2 0.22171211 0.44600672 0.14849356 0.3203125
carrots_stage3 0.32003567 0.4868806 0.14759359 0.4296875
cartography_table_side1 0.2764553 0.19744182 0.13468139 1.0
cartography_table_side2 0.32025126 0.24290751 0.16583948 1.0
cartography_table_side3 0.26588544 0.17216608 0.080208346 1.0
cartography_table_top 0.40579048 0.34292284 0.2636336 1.0
carved_pumpkin 0.58889407 0.33039218 0.06770834 1.0
cauldron_bottom 0.15873016 0.15873016 0.17497666 0.328125
cauldron_inner 0.19296877 0.19221815 0.20888484 1.0
cauldron_side 0.29071695 0.28771448 0.29286155 1.0
cauldron_top 0.28931624 0.28524384 0.29069886 0.609375
cave_vines 0.35461402 0.42893186 0.16004388 0.55859375
cave_vines_lit 0.4123701 0.44290042 0.16449533 0.58203125
cave_vines_plant 0.34577888 0.3985294 0.1495915 0.5625
cave_vines_plant_lit 0.41272062 0.42088237 0.15818629 0.625
chain 0.20147061 0.22717088 0.29173672 0.21875
chain_command_block_back 0.50984234 0.6157744 0.5686735 1.0
chain_command_block_conditional 0.5082415 0.6339653 0.5773706 1.0
chain_command_block_front 0.5194892 0.64870185 0.59067863 1.0
chain_command_block_side 0.5142617 0.6314147 0.57837015 1.0
cherry_door_bottom 0.885024 0.6905667 0.66549337 0.9921875
cherry_door_top 0.87536544 0.6690553 0.64661324 0.859375
cherry_leaves 0.8996914 0.6783588 0.76112926 0.84375
cherry_log 0.21458335 0.12945774 0.17411155 1.0
cherry_log_top 0.7260877 0.5530638 0.53829664 1.0
cherry_planks 0.88828135 0.7008886 0.6773132 1.0
cherry_sapling 0.6433944 0.4623594 0.5615237 0.4765625
cherry_trapdoor 0.88803923 0.70035654 0.67607844 0.859375
chest_top 0.49759907 0.3597039 0.14501801 0.765625
chipped_anvil_top 0.28605396 0.28561276 0.28561276 0.625
chiseled_bookshelf_empty 0.35396758 0.27835482 0.16317403 1.0
chiseled_bookshelf_occupied 0.47581193 0.36924025 0.27444857 1.0
chiseled_bookshelf_side 0.68682605 0.55543816 0.3390319 1.0
chiseled_bookshelf_top 0.6981465 0.5670803 0.34808522 1.0
chiseled_deepslate 0.21292895 0.21302086 0.21522674 1.0
chiseled_nether_bricks 0.18602943 0.09295344 0.11058518 1.0
chiseled_polished_blackstone 0.21167281 0.19083948 0.22279415 1.0
chiseled_quartz_block 0.9092679 0.88966006 0.8549174 1.0
chiseled_quartz_block_top 0.908073 0.88852644 0.8517005 1.0
chiseled_red_sandstone 0.71848965 0.38016242 0.10785847 1.0
chiseled_sandstone 0.8479321 0.7960172 0.6094823 1.0
chiseled_stone_bricks 0.46973044 0.4662991 0.46973044 1.0
chorus_flower 0.5934743 0.47438732 0.5951288 1.0
chorus_flower_dead 0.37893695 0.23973654 0.3708487 1.0
chorus_plant 0.36815262 0.22389708 0.3678769 1.0
clay 0.6301165 0.65278804 0.7037072 1.0
coal_block 0.06283702 0.062423415 0.062423415 1.0
coal_ore 0.41439956 0.4150123 0.41317406 1.0
coarse_dirt 0.46841305 0.33569244 0.23293507 1.0
cobbled_deepslate 0.3030331 0.3030331 0.31611523 1.0
cobblestone 0.5011336 0.49923414 0.500383 1.0
cobweb 0.8963959 0.91450983 0.919141 0.41015625
cocoa_stage0 0.52265334 0.528494 0.2432207 0.18359375
cocoa_stage1 0.57373875 0.4341926 0.21982817 0.34765625
cocoa_stage2 0.613369 0.3687166 0.1714201 0.515625
command_block_back 0.68152964 0.51460254 0.41886494 1.0
command_block_conditional 0.7000997 0.5220053 0.4150889 1.0
command_block_front 0.70982695 0.5333832 0.42511493 1.0
command_block_side 0.6948607 0.52324986 0.42185208 1.0
comparator 0.6523438 0.6350491 0.62558216 1.0
comparator_on 0.68892473 0.6276655 0.618842 1.0
composter_bottom 0.45732236 0.28232235 0.12693016 1.0
composter_compost 0.34749457 0.241122 0.0925926 0.5625
composter_ready 0.4570534 0.36476037 0.21974401 0.5625
composter_side 0.43952212 0.27572 0.12522979 1.0
composter_top_copy 0.59852946 0.3881653 0.202451 0.4375
composter_top 0.41276047 0.26364893 0.13244487 1.0
conduit 0.6260076 0.54782134 0.44330066 0.5625
copper_block 0.7545804 0.42218143 0.31302086 1.0
copper_ore 0.48909318 0.4928922 0.47077212 1.0
cornflower 0.31238097 0.4754062 0.5745659 0.13671875
cracked_deepslate_bricks 0.25482538 0.2545037 0.25588238 1.0
cracked_deepslate_tiles 0.20638789 0.20592833 0.20684744 1.0
cracked_nether_bricks 0.15831803 0.07856925 0.093949154 1.0
cracked_polished_blackstone_bricks 0.17270222 0.1475184 0.17231926 1.0
cracked_stone_bricks 0.4640166 0.46141243 0.4640166 1.0
crafting_table_front 0.50680155 0.41395533 0.27582723 1.0
crafting_table_side 0.504228 0.4024204 0.2478401 1.0
crafting_table_top 0.46973044 0.2872243 0.16645223 1.0
crimson_door_bottom 0.45277274 0.21654414 0.31162688 1.0
crimson_door_top 0.44882053 0.21554843 0.3102482 1.0
crimson_fungus 0.5544445 0.1730719 0.11633988 0.234375
crimson_nylium 0.5134804 0.12325369 0.123360924 1.0
crimson_nylium_side 0.42057297 0.10560663 0.104564965 1.0
crimson_planks 0.39621633 0.19129904 0.27673104 1.0
crimson_roots 0.49416077 0.031717304 0.16436113 0.35546875
crimson_roots_pot 0.4980408 0.03266693 0.16163598 0.23446691
crimson_stem 0.36390322 0.10030638 0.11703432 1.0
crimson_stem_top 0.44192713 0.19443937 0.27503067 1.0
crimson_trapdoor 0.40758896 0.19885622 0.28405955 0.84375
crying_obsidian 0.127788 0.03953738 0.23704048 1.0
cut_copper 0.7496937 0.41908705 0.31594673 1.0
cut_red_sandstone 0.74238676 0.3990503 0.124555774 1.0
cut_sandstone 0.8541514 0.80958956 0.6267158 1.0
cyan_candle 0.06685341 0.4847806 0.4847806 0.08203125
cyan_candle_lit 0.1688142 0.5762839 0.5284781 0.08203125
cyan_concrete 0.08409928 0.46752456 0.5340687 1.0
cyan_concrete_powder 0.14371938 0.58030033 0.6163144 1.0
cyan_glazed_terracotta 0.20490198 0.46556377 0.49149823 1.0
cyan_shulker_box 0.07925859 0.4758579 0.52973354 1.0
cyan_stained_glass 0.29677254 0.50058275 0.6 0.46012563
cyan_stained_glass_pane_top 0.28884804 0.48210785 0.57757354 0.1127451
cyan_terracotta 0.34005824 0.35690874 0.3568781 1.0
cyan_wool 0.083318025 0.5401042 0.5700062 1.0
damaged_anvil_top 0.28365198 0.2831618 0.2831618 0.625
dandelion 0.5791667 0.67549026 0.17046571 0.125
dark_oak_door_bottom 0.28818938 0.19278495 0.09401043 1.0
dark_oak_door_top 0.3004596 0.20303312 0.09908089 1.0
dark_oak_leaves 0.5914997 0.59202546 0.5914997 0.69921875
dark_oak_log 0.23684132 0.18258274 0.102573544 1.0
dark_oak_log_top 0.26536462 0.17689954 0.08771447 1.0
dark_oak_planks 0.2614124 0.16901043 0.07928923 1.0
dark_oak_sapling 0.23982176 0.35565063 0.12074867 0.4296875
dark_oak_trapdoor 0.29540443 0.19448532 0.0916054 1.0
dark_prismarine 0.20338544 0.3593597 0.29784012 1.0
daylight_detector_inverted_top 0.41570163 0.4293812 0.44125313 1.0
daylight_detector_side 0.26187196 0.21681988 0.13964462 1.0
daylight_detector_top 0.5119639 0.45586708 0.370864 1.0
dead_brain_coral 0.52450985 0.49030116 0.47408968 0.4375
dead_brain_coral_block 0.48757666 0.46086097 0.4477482 1.0
dead_brain_coral_fan 0.5212797 0.49114552 0.47562435 0.37109375
dead_bubble_coral 0.5202418 0.4889872 0.4725638 0.51953125
dead_bubble_coral_block 0.5170497 0.4844823 0.4682905 1.0
dead_bubble_coral_fan 0.5520659 0.52755606 0.51004905 0.4375
dead_bush 0.42146808 0.309452 0.15897436 0.3046875
dead_fire_coral 0.53693116 0.50368774 0.48627454 0.42578125
dead_fire_coral_block 0.5162225 0.48521757 0.46954662 1.0
dead_fire_coral_fan 0.48963585 0.4631933 0.4498226 0.41015625
dead_horn_coral 0.559451 0.52949023 0.5096863 0.390625
dead_horn_coral_block 0.5239584 0.49499086 0.479565 1.0
dead_horn_coral_fan 0.5256571 0.4931164 0.47634545 0.3671875
dead_tube_coral 0.4631296 0.43567863 0.42345256 0.59765625
dead_tube_coral_block 0.5117341 0.48311892 0.46931684 1.0
dead_tube_coral_fan 0.5036982 0.4787789 0.46438324 0.30859375
debug 0.5231312 0.58230704 0.5980546 1.0
debug2 0.4858763 0.46988362 0.46168816 1.0
deepslate 0.31424636 0.31424636 0.32386646 1.0
deepslate_bricks 0.27830887 0.27807906 0.2795037 1.0
deepslate_coal_ore 0.29183522 0.2919884 0.29820776 1.0
deepslate_copper_ore 0.36138177 0.3651808 0.35007665 1.0
deepslate_diamond_ore 0.3268536 0.41735604 0.41936278 1.0
deepslate_emerald_ore 0.3076134 0.40965077 0.34427088 1.0
deepslate_gold_ore 0.4519302 0.40355396 0.3065411 1.0
deepslate_iron_ore 0.4185509 0.39093143 0.37140018 1.0
deepslate_lapis_ore 0.31340384 0.35606623 0.4521753 1.0
deepslate_redstone_ore 0.4106465 0.28745407 0.29342833 1.0
deepslate_tiles 0.21534929 0.21490505 0.21596204 1.0
deepslate_top 0.34195775 0.34195775 0.35072002 1.0
destroy_stage_0 0.5377359 0.5377359 0.5377359 0.019485295
destroy_stage_1 0.44062948 0.44062948 0.44062948 0.04283088
destroy_stage_2 0.41300747 0.41300747 0.41300747 0.07395833
destroy_stage_3 0.41585237 0.41585237 0.41585237 0.112867646
destroy_stage_4 0.41312093 0.41312093 0.41312093 0.16344975
destroy_stage_5 0.40854773 0.40854773 0.40854773 0.21792279
destroy_stage_6 0.4034154 0.4034154 0.4034154 0.27628675
destroy_stage_7 0.4050515 0.4050515 0.4050515 0.3930147
destroy_stage_8 0.4015505 0.4015505 0.4015505 0.5058517
destroy_stage_9 0.39864102 0.39864102 0.39864102 0.5681066
detector_rail 0.48262948 0.41133738 0.35482657 0.609375
detector_rail_on 0.53903973 0.40482655 0.34914532 0.609375
diamond_block 0.38495716 0.92994803 0.89459264 1.0
diamond_ore 0.4754443 0.55393696 0.55165446 1.0
diorite 0.7400736 0.739032 0.74109995 1.0
dirt 0.52647066 0.37763485 0.26274514 1.0
dirt_path_side 0.5354249 0.3963726 0.26102942 0.9375
dirt_path_top 0.5815411 0.47723657 0.25618875 1.0
dispenser_front 0.47942713 0.47749698 0.47749698 1.0
dispenser_front_vertical 0.38650432 0.3840227 0.3840227 1.0
dragon_egg 0.0491728 0.037040446 0.061611526 1.0
dried_kelp_bottom 0.19733459 0.22997858 0.15255822 1.0
dried_kelp_side 0.15049021 0.19165137 0.11585479 1.0
dried_kelp_top 0.19733459 0.22997858 0.15255822 1.0
dripstone_block 0.5272672 0.42178315 0.3628064 1.0
dropper_front 0.48017776 0.4782476 0.4782476 1.0
dropper_front_vertical 0.38302702 0.380239 0.380239 1.0
emerald_block 0.1661918 0.7978402 0.34431684 1.0
emerald_ore 0.42466304 0.5347427 0.4535693 1.0
enchanting_table_bottom 0.05935969 0.041636035 0.09627759 1.0
enchanting_table_side 0.195384 0.18229167 0.22408089 0.75
enchanting_table_top 0.5051471 0.29515934 0.33455887 1.0
end_portal_frame_eye 0.14044118 0.27479577 0.24379085 0.375
end_portal_frame_side 0.59111995 0.6387821 0.4822964 0.8125
end_portal_frame_top 0.35726106 0.47334564 0.38157174 1.0
end_rod 0.8058824 0.76880574 0.72751045 0.2578125
end_stone 0.86079973 0.87426484 0.6209406 1.0
end_stone_bricks 0.8566637 0.87856936 0.6361214 1.0
exposed_copper 0.631679 0.49295348 0.40758276 1.0
exposed_cut_copper 0.60651046 0.47746634 0.39712015 1.0
farmland 0.5614737 0.40212932 0.2775276 1.0
farmland_moist 0.3213389 0.17438728 0.060769003 1.0
fern 0.4878608 0.4885658 0.4878608 0.34765625
fire 0.84331673 0.5877996 0.3057542 0.59765625
fire_0 0.83076936 0.55007076 0.21099997 0.54833984
fire_1 0.8283203 0.54273 0.19490105 0.5765381
fire_coral 0.6547221 0.14761649 0.18384603 0.42578125
fire_coral_block 0.64198846 0.1378983 0.18380824 1.0
fire_coral_fan 0.6225957 0.13643324 0.17867415 0.41015625
fletching_table_front 0.67967224 0.60810363 0.43566182 1.0
fletching_table_side 0.75117964 0.65508586 0.5081955 1.0
fletching_table_top 0.7730546 0.7076441 0.5231618 1.0
flower_pot 0.48682356 0.26901963 0.20949021 0.1953125
flowering_azalea_leaves 0.39047348 0.43565762 0.23868008 0.80078125
flowering_azalea_side 0.43547237 0.44471607 0.2878024 0.6015625
flowering_azalea_top 0.43929234 0.47821698 0.2518536 1.0
frogspawn 0.41568628 0.35541797 0.32528383 0.22265625
frosted_ice_0 0.54977024 0.7105546 0.99100804 0.74509805
frosted_ice_1 0.5478811 0.70912 0.99042773 0.7583333
frosted_ice_2 0.5410795 0.70457697 0.9893285 0.78406864
frosted_ice_3 0.5291612 0.697164 0.98843193 0.83186275
furnace_front 0.35972738 0.35782787 0.35782787 1.0
furnace_front_on 0.47477028 0.4425705 0.36735606 1.0
furnace_side 0.47300863 0.47089466 0.47089466 1.0
furnace_top 0.43282786 0.4303156 0.4303156 1.0
gilded_blackstone 0.21806069 0.16836706 0.1503217 1.0
glass 0.68953246 0.8389141 0.85894424 0.25390625
glass_pane_top 0.6676471 0.8241423 0.852206 0.125
glow_item_frame 0.581342 0.4053922 0.252788 1.0
glow_lichen 0.44063494 0.5122689 0.47678807 0.41015625
glowstone 0.6735908 0.51444554 0.33059135 1.0
gold_block 0.9663451 0.8169425 0.24166669 1.0
gold_ore 0.569179 0.5250307 0.417785 1.0
granite 0.58599883 0.40487137 0.3371477 1.0
grass 0.5717928 0.5702521 0.5717928 0.546875
grass_block_side 0.49724272 0.4201134 0.25723043 1.0
grass_block_side_overlay 0.6060131 0.6060131 0.6060131 0.17578125
grass_block_snow 0.6664676 0.59250927 0.5217219 1.0
grass_block_top 0.578171 0.578171 0.578171 1.0
gravel 0.5173867 0.49984688 0.4960938 1.0
gray_candle 0.31540617 0.37049487 0.3796452 0.08203125
gray_candle_lit 0.46461254 0.47917837 0.42502338 0.08203125
gray_concrete 0.21418507 0.22594978 0.24163605 1.0
gray_concrete_powder 0.30174637 0.3180607 0.33299637 1.0
gray_glazed_terracotta 0.3258732 0.3541514 0.3672488 1.0
gray_shulker_box 0.21692711 0.23063728 0.24497552 1.0
gray_stained_glass 0.29677254 0.29677254 0.29677254 0.46012563
gray_stained_glass_pane_top 0.28884804 0.28884804 0.28884804 0.1127451
gray_terracotta 0.22660848 0.16632968 0.1394608 1.0
gray_wool 0.24606314 0.2675858 0.28060666 1.0
green_candle 0.28552756 0.37796453 0.0821662 0.08203125
green_candle_lit 0.39533147 0.45154065 0.08627451 0.08203125
green_concrete 0.2878677 0.3581955 0.14310664 1.0
green_concrete_powder 0.3811275 0.4671416 0.17477024 1.0
green_glazed_terracotta 0.45888487 0.558073 0.26439953 1.0
green_shulker_box 0.3103401 0.39554232 0.12423408 1.0
green_stained_glass 0.40254354 0.50058275 0.19873333 0.46012563
green_stained_glass_pane_top 0.3822304 0.48210785 0.19031863 0.1127451
green_terracotta 0.2980699 0.32662383 0.1660233 1.0
green_wool 0.33267468 0.4295497 0.10785847 1.0
grindstone_pivot 0.28653598 0.1803268 0.08294118 0.234375
grindstone_round 0.5569445 0.5569445 0.5569445 0.375
grindstone_side 0.54757625 0.54757625 0.54757625 0.5625
hanging_roots 0.6321569 0.45171243 0.35884967 0.29296875
hay_block_side 0.651823 0.53511035 0.14950982 1.0
hay_block_top 0.650812 0.545573 0.048774514 1.0
honey_block_bottom 0.9449449 0.5726869 0.07273285 0.5058824
honey_block_side 0.9841453 0.7384038 0.2280331 0.7411765
honey_block_top 0.9855852 0.7283548 0.2059896 0.7490196
honeycomb_block 0.8994027 0.5820007 0.115839474 1.0
hopper_inside 0.19296877 0.19221815 0.20888484 1.0
hopper_outside 0.2612439 0.25824144 0.26744795 1.0
hopper_top_copy 0.2972348 0.2919055 0.29632983 0.609375
hopper_top 0.2447917 0.24154414 0.2508885 1.0
horn_coral 0.8200393 0.7298824 0.24607845 0.390625
horn_coral_block 0.8471049 0.78409934 0.25882357 1.0
horn_coral_fan 0.80775976 0.7176471 0.23934086 0.3671875
ice 0.5714461 0.7206342 0.9966912 0.74509805
iron_bars 0.5366464 0.5459094 0.53164303 0.453125
iron_block 0.8632048 0.86277586 0.86277586 1.0
iron_door_bottom 0.76757056 0.76378685 0.76378685 1.0
iron_door_top 0.7612934 0.7574284 0.7574284 0.8125
iron_ore 0.5346661 0.50704664 0.4814492 1.0
iron_trapdoor 0.79600716 0.7930838 0.7930838 0.859375
item_frame 0.45767468 0.26439953 0.16786154 1.0
jack_o_lantern 0.841437 0.5978248 0.20747551 1.0
jigsaw_bottom 0.13416055 0.107827835 0.14592527 1.0
jigsaw_lock 0.17647061 0.14964768 0.18590689 1.0
jigsaw_side 0.24500616 0.21168813 0.24892773 1.0
jigsaw_top 0.31401658 0.27279416 0.31799942 1.0
jukebox_side 0.3480699 0.23117344 0.15995713 1.0
jukebox_top 0.36776966 0.2526042 0.18553923 1.0
jungle_door_bottom 0.6201747 0.4455117 0.30882356 1.0
jungle_door_top 0.64143676 0.4693042 0.33199725 0.8828125
jungle_leaves 0.6148932 0.6045605 0.56311965 0.6953125
jungle_log 0.33417588 0.26659012 0.098743886 1.0
jungle_log_top 0.58651966 0.42867652 0.2770374 1.0
jungle_planks 0.62918204 0.45173106 0.3168352 1.0
jungle_sapling 0.18650252 0.31805748 0.06552668 0.3359375
jungle_trapdoor 0.59948695 0.43274695 0.3038483 0.8359375
kelp 0.34191862 0.5502281 0.17483221 0.18886718
kelp_plant 0.34023255 0.5117293 0.16715342 0.38867188
ladder 0.48883444 0.37903053 0.21443355 0.5625
lantern 0.5756303 0.44621852 0.3264706 0.21875
lapis_block 0.120189965 0.2642004 0.5494486 1.0
lapis_ore 0.41965386 0.46231624 0.5540442 1.0
large_amethyst_bud 0.63242835 0.49602818 0.7954751 0.3046875
large_fern_bottom 0.5170009 0.5170009 0.5170009 0.6875
large_fern_top 0.490724 0.49309957 0.490724 0.40625
lava 0.8504137 0.4099725 0.10326288 1.0
lava_flow 0.81363946 0.35989395 0.07768268 1.0
lava_still 0.8328593 0.35295114 0.07113512 1.0
lectern_base 0.6374694 0.47435668 0.29139096 1.0
lectern_front 0.50971204 0.39541978 0.2183211 1.0
lectern_sides 0.5878984 0.45926782 0.2647672 1.0
lectern_top 0.6817556 0.54015017 0.32673106 1.0
lever 0.43647063 0.36627454 0.26313728 0.078125
light_blue_candle 0.13557424 0.5402428 0.7710551 0.08203125
light_blue_candle_lit 0.2739496 0.63398695 0.79122317 0.08203125
light_blue_concrete 0.13959867 0.5374082 0.7800552 1.0
light_blue_concrete_powder 0.29129905 0.708747 0.83671886 1.0
light_blue_glazed_terracotta 0.37075678 0.6455577 0.81930155 1.0
light_blue_shulker_box 0.1933211 0.6426012 0.8318782 1.0
light_blue_stained_glass 0.40254354 0.6 0.8445153 0.46012563
light_blue_stained_glass_pane_top 0.3822304 0.57757354 0.81801474 0.1127451
light_blue_terracotta 0.44503683 0.4256128 0.5411459 1.0
light_blue_wool 0.22772674 0.6864584 0.8522213 1.0
light_gray_candle 0.46461254 0.47264242 0.44108313 0.08203125
light_gray_candle_lit 0.59421104 0.5781513 0.49542487 0.08203125
light_gray_concrete 0.4903187 0.4903187 0.451103 1.0
light_gray_concrete_powder 0.6074143 0.6076747 0.5811275 1.0
light_gray_glazed_terracotta 0.565717 0.65122557 0.6586398 1.0
light_gray_shulker_box 0.48791367 0.48791367 0.45260423 1.0
light_gray_stained_glass 0.6 0.6 0.6 0.46012563
light_gray_stained_glass_pane_top 0.57757354 0.57757354 0.57757354 0.1127451
light_gray_terracotta 0.53040755 0.41914833 0.38235298 1.0
light_gray_wool 0.5569854 0.5575062 0.5278493 1.0
lightning_rod 0.7711765 0.43607846 0.3254902 0.15625
lightning_rod_on 1.0000001 1.0000001 1.0000001 1.0
lilac_bottom 0.5375599 0.48666668 0.4977778 0.3515625
lilac_top 0.60643137 0.49024838 0.57840526 0.29296875
lily_of_the_valley 0.48288086 0.68461543 0.37300152 0.203125
lily_pad 0.5235556 0.5235556 0.5235556 0.5859375
lime_candle 0.3850607 0.6735761 0.08907563 0.08203125
lime_candle_lit 0.48720825 0.7114846 0.12044819 0.08203125
lime_concrete 0.3689798 0.66197926 0.09607844 1.0
lime_concrete_powder 0.4917127 0.74224883 0.16433826 1.0
lime_glazed_terracotta 0.6390166 0.7751686 0.2165135 1.0
lime_shulker_box 0.3912531 0.6769915 0.090226725 1.0
lime_stained_glass 0.50058275 0.8012667 0.09803922 0.46012563
lime_stained_glass_pane_top 0.48210785 0.76997554 0.094607845 0.1127451
lime_terracotta 0.40602025 0.4614737 0.2070466 1.0
lime_wool 0.44004294 0.7262562 0.10116423 1.0
lodestone_side 0.46833646 0.47014406 0.4825062 1.0
lodestone_top 0.57662386 0.5848959 0.59923416 1.0
loom_bottom 0.2988205 0.23573838 0.14125308 1.0
loom_front 0.58065265 0.4662991 0.32213545 1.0
loom_side 0.57225806 0.39718142 0.28431377 1.0
loom_top 0.5575675 0.46792284 0.36001843 1.0
magenta_candle 0.6300654 0.18001868 0.6013072 0.08203125
magenta_candle_lit 0.7155929 0.27376285 0.6345472 0.08203125
magenta_concrete 0.66355705 0.19010419 0.6243567 1.0
magenta_concrete_powder 0.75579053 0.3286612 0.72406566 1.0
magenta_glazed_terracotta 0.8167434 0.393796 0.7525889 1.0
magenta_shulker_box 0.68178624 0.2120711 0.64145225 1.0
magenta_stained_glass 0.69803923 0.29677254 0.8445153 0.46012563
magenta_stained_glass_pane_top 0.6724265 0.28884804 0.81801474 0.1127451
magenta_terracotta 0.58693326 0.34549636 0.4261949 1.0
magenta_wool 0.74330586 0.26966915 0.70556074 1.0
magma 0.55973756 0.24896345 0.12389196 1.0
mangrove_door_bottom 0.439997 0.18760726 0.18210787 1.0
mangrove_door_top 0.44278497 0.19166669 0.1831189 1.0
mangrove_leaves 0.508879 0.50423604 0.50423604 0.828125
mangrove_log 0.32789525 0.26174942 0.1613358 1.0
mangrove_log_top 0.40323228 0.19117649 0.16611521 1.0
mangrove_planks 0.46256134 0.21208642 0.19083948 1.0
mangrove_propagule 0.3775401 0.6847297 0.32857993 0.12890625
mangrove_propagule_hanging 0.42723313 0.5306463 0.27320263 0.2109375
mangrove_roots_side 0.2954622 0.23490198 0.15067227 0.546875
mangrove_roots_top 0.29320928 0.23363246 0.15152322 0.69140625
mangrove_trapdoor 0.4348215 0.18342088 0.16649161 0.875
medium_amethyst_bud 0.6207613 0.47243372 0.79031146 0.19921875
melon_side 0.44843754 0.5732997 0.11850492 1.0
melon_stem 0.60302526 0.60302526 0.60302526 0.13671875
melon_top 0.43549332 0.56737137 0.119638495 1.0
moss_block 0.349326 0.4303003 0.17803311 1.0
mossy_cobblestone 0.43180153 0.46470594 0.37230396 1.0
mossy_stone_bricks 0.45268083 0.47500005 0.41231623 1.0
mud 0.23569243 0.22544427 0.23776044 1.0
mud_bricks 0.53782177 0.4069547 0.310095 1.0
muddy_mangrove_roots_side 0.26809132 0.23036155 0.18984377 1.0
muddy_mangrove_roots_top 0.2746477 0.22997858 0.17700677 1.0
mushroom_block_inside 0.79068637 0.6673101 0.47130826 1.0
mushroom_stem 0.7968598 0.7711398 0.72784936 1.0
mycelium_side 0.44342837 0.34189647 0.28033093 1.0
mycelium_top 0.43599883 0.3865809 0.39736524 1.0
nether_bricks 0.17369793 0.085769005 0.10234376 1.0
nether_gold_ore 0.45245102 0.21553311 0.16490504 1.0
nether_portal 0.35117567 0.046151754 0.75642246 0.7506793
nether_quartz_ore 0.46207112 0.25750616 0.24466914 1.0
nether_sprouts 0.07666034 0.5927894 0.5229602 0.12109375
nether_wart_block 0.45022982 0.0114583345 0.008455884 1.0
nether_wart_stage0 0.46087348 0.07344029 0.08484849 0.171875
nether_wart_stage1 0.45463836 0.06696326 0.0740155 0.46484375
nether_wart_stage2 0.4359559 0.0709804 0.07450981 0.625
netherite_block 0.26086095 0.24116118 0.25050554 1.0
netherrack 0.38267466 0.1506434 0.1506434 1.0
note_block 0.3480699 0.23117344 0.15995713 1.0
oak_door_bottom 0.5440258 0.42408094 0.2446385 1.0
oak_door_top 0.55154604 0.4345777 0.25906864 0.8125
oak_leaves 0.5656407 0.5652759 0.5656407 0.671875
oak_log 0.4278187 0.33382356 0.19877453 1.0
oak_log_top 0.5938573 0.47705275 0.28633583 1.0
oak_planks 0.63609076 0.5130209 0.3083487 1.0
oak_sapling 0.3039746 0.41787675 0.15975977 0.43359375
oak_trapdoor 0.48982176 0.3899822 0.22242425 0.859375
observer_back 0.28213853 0.2735907 0.27360603 1.0
observer_back_on 0.29967836 0.26844364 0.2681526 1.0
observer_front 0.4063726 0.40533093 0.40533093 1.0
observer_side 0.27524513 0.27054232 0.27054232 1.0
observer_top 0.38601413 0.38601413 0.38601413 1.0
obsidian 0.05935969 0.041636035 0.09627759 1.0
ochre_froglight_side 0.96256137 0.9148898 0.71328133 1.0
ochre_froglight_top 0.9831803 0.96136653 0.809804 1.0
orange_candle 0.85994405 0.3936508 0.03529412 0.08203125
orange_candle_lit 0.8894492 0.5144725 0.104948655 0.08203125
orange_concrete 0.8797795 0.38092837 0.002481618 1.0
orange_concrete_powder 0.8912991 0.5170956 0.12513788 1.0
orange_glazed_terracotta 0.6069701 0.5783855 0.3606465 1.0
orange_shulker_box 0.91803014 0.4173254 0.034298413 1.0
orange_stained_glass 0.8445153 0.50058275 0.19873333 0.46012563
orange_stained_glass_pane_top 0.81801474 0.48210785 0.19031863 0.1127451
orange_terracotta 0.63371634 0.3289063 0.14773285 1.0
orange_tulip 0.3665232 0.5575323 0.12061215 0.16015625
orange_wool 0.94373477 0.46305153 0.076516554 1.0
oxeye_daisy 0.703268 0.79392546 0.5621684 0.19921875
oxidized_copper 0.3232384 0.6379137 0.52104783 1.0
oxidized_cut_copper 0.31262258 0.6024204 0.49580276 1.0
packed_ice 0.55519307 0.7059284 0.9823224 1.0
packed_mud 0.5587317 0.4185509 0.3132813 1.0
pearlescent_froglight_side 0.9235295 0.8822765 0.8961398 1.0
pearlescent_froglight_top 0.9636337 0.94139105 0.93985915 1.0
peony_bottom 0.33928525 0.39755252 0.36670843 0.55078125
peony_top 0.5084849 0.4961854 0.5470232 0.4296875
pink_candle 0.81568635 0.39962652 0.5577965 0.08203125
pink_candle_lit 0.8547153 0.5137255 0.5908497 0.08203125
pink_concrete 0.837255 0.39612442 0.5602636 1.0
pink_concrete_powder 0.8974879 0.6012868 0.71001846 1.0
pink_glazed_terracotta 0.9221815 0.60778195 0.7120099 1.0
pink_petals 0.9673711 0.70831907 0.8570722 0.40234375
pink_petals_stem 0.6640523 0.6640523 0.6640523 0.01171875
pink_shulker_box 0.9037225 0.4778187 0.61838245 1.0
pink_stained_glass 0.9515632 0.50058275 0.645782 0.46012563
pink_stained_glass_pane_top 0.9151961 0.48210785 0.6276961 0.1127451
pink_terracotta 0.63500315 0.30697 0.30850187 1.0
pink_tulip 0.3888092 0.61750364 0.30722144 0.16015625
pink_wool 0.93299645 0.55442715 0.67588854 1.0
piston_bottom 0.3807292 0.3788297 0.3788297 1.0
piston_inner 0.38233766 0.3808058 0.3808058 1.0
piston_side 0.4331189 0.4116575 0.38013178 1.0
piston_top 0.603937 0.5008579 0.34425557 1.0
piston_top_sticky 0.48180154 0.5869639 0.36407787 1.0
pitcher_crop_bottom 0.39400873 0.22864924 0.14400873 0.5625
pitcher_crop_bottom_stage_1 0.55609554 0.6063939 0.34237 0.1796875
pitcher_crop_bottom_stage_2 0.44950405 0.5056517 0.31284893 0.33203125
pitcher_crop_bottom_stage_3 0.4176747 0.4890362 0.29273683 0.27734375
pitcher_crop_bottom_stage_4 0.40865618 0.49569586 0.3660928 0.3203125
pitcher_crop_side 0.6991504 0.49483663 0.31751636 0.234375
pitcher_crop_top 0.76070595 0.65035295 0.4051765 0.390625
pitcher_crop_top_stage_3 0.5625669 0.7244207 0.5398099 0.2578125
pitcher_crop_top_stage_4 0.47876096 0.5666173 0.741539 0.46484375
pitcher_plant 0.44950405 0.5056517 0.31284893 0.33203125
podzol_side 0.48040754 0.3439032 0.22359072 1.0
podzol_top 0.3598346 0.24799329 0.09436276 1.0
pointed_dripstone 0.5434565 0.4391245 0.3744642 0.3359375
pointed_dripstone_down_base 0.5075192 0.4035124 0.35127026 0.8984375
pointed_dripstone_down_frustum 0.50548077 0.40229154 0.35050794 0.6484375
pointed_dripstone_down_middle 0.51020455 0.4072739 0.35433272 0.7265625
pointed_dripstone_down_tip 0.536663 0.42907882 0.36788753 0.20703125
pointed_dripstone_down_tip_merge 0.5434565 0.4391245 0.3744642 0.3359375
pointed_dripstone_up_base 0.5075192 0.4035124 0.35127026 0.8984375
pointed_dripstone_up_frustum 0.50548077 0.40229154 0.35050794 0.6484375
pointed_dripstone_up_middle 0.51020455 0.4072739 0.35433272 0.7265625
pointed_dripstone_up_tip 0.536663 0.42907882 0.36788753 0.20703125
pointed_dripstone_up_tip_merge 0.5434565 0.4391245 0.3744642 0.3359375
polished_andesite 0.51865816 0.52844673 0.52547497 1.0
polished_basalt_side 0.34713545 0.34606317 0.35890016 1.0
polished_basalt_top 0.38978252 0.38653496 0.394853 1.0
polished_blackstone 0.20873164 0.19071694 0.22253373 1.0
polished_blackstone_bricks 0.1892923 0.16677392 0.19518997 1.0
polished_deepslate 0.28416058 0.28462014 0.286826 1.0
polished_diorite 0.7567862 0.7571692 0.76294434 1.0
polished_granite 0.60431993 0.41901046 0.34990814 1.0
poppy 0.5045378 0.2542297 0.14801121 0.13671875
potatoes 0.33236507 0.5304285 0.1855241 0.31640625
potatoes_stage0 0.23032682 0.50823534 0.15973857 0.05859375
potatoes_stage1 0.26907995 0.5174963 0.16711916 0.1015625
potatoes_stage2 0.33638346 0.5058824 0.18692811 0.17578125
potatoes_stage3 0.33236507 0.5304285 0.1855241 0.31640625
potted_azalea_bush_plant 0.36334842 0.42368025 0.16742082 0.3046875
potted_azalea_bush_side 0.37579447 0.46714 0.1826234 0.2265625
potted_azalea_bush_top 0.394853 0.48100495 0.18774512 0.25
potted_flowering_azalea_bush_plant 0.3916541 0.40678734 0.22136752 0.3046875
potted_flowering_azalea_bush_side 0.43008792 0.4453685 0.27302232 0.2265625
potted_flowering_azalea_bush_top 0.45006132 0.46948534 0.27469367 0.25
powder_snow 0.9731006 0.99355096 0.99355096 1.0
powered_rail 0.5409941 0.43091658 0.29090288 0.671875
powered_rail_on 0.60551757 0.43125856 0.2905837 0.671875
prismarine 0.38995868 0.61250776 0.5924518 1.0
prismarine_bricks 0.38921574 0.6730393 0.62129295 1.0
pumpkin_side 0.76681995 0.4502911 0.094807 1.0
pumpkin_stem 0.60436976 0.6045939 0.60436976 0.13671875
pumpkin_top 0.77686894 0.46562505 0.09592526 1.0
purple_candle 0.4134454 0.13520075 0.62539685 0.08203125
purple_candle_lit 0.49000937 0.13146593 0.5669468 0.08203125
purple_concrete 0.39378068 0.124004304 0.613266 1.0
purple_concrete_powder 0.5173407 0.21833642 0.6964615 1.0
purple_glazed_terracotta 0.43086708 0.18857233 0.59800863 1.0
purple_shulker_box 0.404565 0.12731312 0.6132966 1.0
purple_stained_glass 0.50058275 0.24705882 0.69803923 0.46012563
purple_stained_glass_pane_top 0.48210785 0.24031864 0.6724265 0.1127451
purple_terracotta 0.4644915 0.27556682 0.33760726 1.0
purple_wool 0.47794124 0.16553311 0.67650133 1.0
purpur_block 0.66634506 0.49379602 0.66541064 1.0
purpur_pillar 0.6736061 0.5078432 0.6728555 1.0
purpur_pillar_top 0.0 0.0 0.0 0.0
quartz_block_bottom 0.92879915 0.9034315 0.87806386 1.0
quartz_block_side 0.9246325 0.90157795 0.8743414 1.0
quartz_block_top 0.9246325 0.90157795 0.8743414 1.0
quartz_bricks 0.92043513 0.89872867 0.8696539 1.0
quartz_pillar 0.9235295 0.90465695 0.8784315 1.0
quartz_pillar_top 0.922013 0.90122557 0.8743261 1.0
rail 0.49305558 0.43793574 0.34730393 0.5625
rail_corner 0.5099855 0.45105302 0.35239652 0.421875
raw_copper_block 0.6053156 0.41539526 0.31014097 1.0
raw_gold_block 0.8694088 0.6638634 0.1837776 1.0
raw_iron_block 0.6520834 0.53224576 0.42117038 1.0
red_candle 0.60056025 0.15275444 0.1417367 0.08203125
red_candle_lit 0.70831 0.25602242 0.18431373 0.08203125
red_concrete 0.55836403 0.12867649 0.12867649 1.0
red_concrete_powder 0.65960485 0.21230088 0.19852944 1.0
red_glazed_terracotta 0.71371025 0.23365505 0.20790444 1.0
red_mushroom 0.8508579 0.29571083 0.26605394 0.125
red_mushroom_block 0.78506446 0.1840227 0.1765472 1.0
red_nether_bricks 0.27273288 0.02760417 0.03532476 1.0
red_sand 0.74774826 0.4037531 0.13010111 1.0
red_sandstone 0.73227644 0.38958338 0.11444548 1.0
red_sandstone_bottom 0.7280332 0.38593754 0.11125921 1.0
red_sandstone_top 0.71101415 0.38356316 0.12337624 1.0
red_shulker_box 0.5506281 0.12184437 0.11781558 1.0
red_stained_glass 0.6 0.19873333 0.19873333 0.46012563
red_stained_glass_pane_top 0.57757354 0.19031863 0.19031863 0.1127451
red_terracotta 0.5612133 0.23929231 0.1839461 1.0
red_tulip 0.3511805 0.5042017 0.12917167 0.19140625
red_wool 0.6312501 0.15419732 0.1358456 1.0
redstone_block 0.6884958 0.09718139 0.020098042 1.0
redstone_dust_dot 0.9430697 0.9430697 0.9430697 0.11328125
redstone_dust_line0 0.94117653 0.94117653 0.94117653 0.078125
redstone_dust_line1 0.9426026 0.9426026 0.9426026 0.0859375
redstone_dust_overlay 0.0 0.0 0.0 0.0
redstone_lamp 0.3733916 0.21416976 0.11789217 1.0
redstone_lamp_on 0.5602023 0.39937198 0.23782171 1.0
redstone_ore 0.5507813 0.42977947 0.42977947 1.0
redstone_torch 0.67194575 0.30980393 0.17269985 0.1015625
redstone_torch_off 0.39764708 0.27431375 0.17117648 0.078125
redstone_wire 0.48921573 0.0 0.0 0.15625
reinforced_deepslate_bottom 0.31030947 0.32349882 0.31364894 1.0
reinforced_deepslate_side 0.40166977 0.42884502 0.39606315 1.0
reinforced_deepslate_top 0.3150123 0.32518387 0.3093291 1.0
repeater 0.62826294 0.61617655 0.61199456 1.0
repeater_on 0.66466 0.61593145 0.612209 1.0
repeating_command_block_back 0.50202215 0.4296914 0.65438503 1.0
repeating_command_block_conditional 0.49926862 0.4280025 0.67273295 1.0
repeating_command_block_front 0.5074028 0.43535545 0.6907591 1.0
repeating_command_block_side 0.5045114 0.43269 0.6704198 1.0
respawn_anchor_bottom 0.127788 0.03953738 0.23704048 1.0
respawn_anchor_side0 0.1550858 0.09359682 0.24615505 1.0
respawn_anchor_side1 0.16640627 0.10404413 0.25310972 1.0
respawn_anchor_side2 0.17628679 0.11168812 0.25851718 1.0
respawn_anchor_side3 0.18610603 0.118995115 0.26236215 1.0
respawn_anchor_side4 0.19598654 0.12663911 0.26776963 1.0
respawn_anchor_top 0.29524797 0.103352495 0.5654983 0.86116534
respawn_anchor_top_off 0.13157171 0.08624388 0.20447306 1.0
rooted_dirt 0.56478256 0.40621942 0.30007663 1.0
rose_bush_bottom 0.38253918 0.32857928 0.14720124 0.69921875
rose_bush_top 0.5138942 0.2592874 0.14661607 0.36328125
sand 0.8594364 0.812638 0.6395987 1.0
sandstone 0.8487593 0.7970896 0.6111214 1.0
sandstone_bottom 0.8458181 0.7923561 0.60467225 1.0
sandstone_top 0.8778034 0.83999705 0.6679841 1.0
scaffolding_bottom 0.81722695 0.709804 0.3921569 0.4375
scaffolding_side 0.8103518 0.7013841 0.3869089 0.53125
scaffolding_top 0.68620694 0.5272313 0.31492564 0.90625
sculk 0.050463393 0.117463246 0.14141393 1.0
sculk_catalyst_bottom 0.3502911 0.42818633 0.42838547 1.0
sculk_catalyst_side 0.30039832 0.3682139 0.35372245 1.0
sculk_catalyst_side_bloom 0.30119103 0.38194898 0.3664561 1.0
sculk_catalyst_top 0.060171574 0.12533702 0.15065871 1.0
sculk_catalyst_top_bloom 0.0629902 0.17718485 0.19858879 1.0
sculk_sensor_bottom 0.051011037 0.10951288 0.13246019 1.0
sculk_sensor_side 0.040808827 0.15312502 0.18584561 0.5
sculk_sensor_tendril_active 0.034523673 0.48147467 0.49679112 0.12426758
sculk_sensor_tendril_inactive 0.058130134 0.25792214 0.30336303 0.12426758
sculk_sensor_top 0.027956499 0.27457112 0.33089772 1.0
sculk_shrieker_bottom 0.051011037 0.10951288 0.13246019 1.0
sculk_shrieker_can_summon_inner_top 0.12007967 0.2539706 0.25916055 1.0
sculk_shrieker_inner_top 0.118143395 0.21324757 0.21688727 1.0
sculk_shrieker_side 0.2946028 0.39644232 0.3742066 0.7578125
sculk_shrieker_top 0.7797889 0.8048266 0.66485673 0.203125
sculk_vein 0.03054725 0.19015178 0.22699127 0.69140625
sea_lantern 0.6755209 0.7838971 0.74545044 1.0
sea_pickle 0.35453886 0.38209876 0.15524691 0.84375
seagrass 0.19987711 0.4965244 0.031715546 0.29774305
shroomlight 0.9445314 0.57466304 0.27797183 1.0
shulker_box 0.54627764 0.38008583 0.54627764 1.0
slime_block 0.43782175 0.75234383 0.3593597 0.7058824
small_amethyst_bud 0.5166667 0.38897064 0.7545344 0.125
small_dripleaf_side 0.42352948 0.5019608 0.19215688 0.015625
small_dripleaf_stem_bottom 0.37136343 0.4786138 0.1770178 0.16796875
small_dripleaf_stem_top 0.3811765 0.47585437 0.18207285 0.13671875
small_dripleaf_top 0.37144613 0.46924025 0.17947306 0.25
smithing_table_bottom 0.25171572 0.11014094 0.09347428 1.0
smithing_table_front 0.22161461 0.14646141 0.15108764 1.0
smithing_table_side 0.21674329 0.13904719 0.14102331 1.0
smithing_table_top 0.22510725 0.23092833 0.27837014 1.0
smoker_bottom 0.4214308 0.41429234 0.40663302 1.0
smoker_front 0.34491426 0.2956036 0.2274357 1.0
smoker_front_on 0.4657782 0.38105088 0.26242852 1.0
smoker_side 0.40263486 0.3595129 0.29787076 1.0
smoker_top 0.33523288 0.32748166 0.31884196 1.0
smooth_basalt 0.2850031 0.28350186 0.30669427 1.0
smooth_stone 0.6222734 0.6222734 0.6222734 1.0
smooth_stone_slab_side 0.6570466 0.6570466 0.6570466 1.0
sniffer_egg_not_cracked_bottom 0.2874183 0.09887955 0.102591045 0.65625
sniffer_egg_not_cracked_east 0.36993465 0.28586602 0.192259 0.75
sniffer_egg_not_cracked_north 0.35931376 0.3029237 0.20085786 0.875
sniffer_egg_not_cracked_south 0.36488098 0.30609247 0.2019608 0.875
sniffer_egg_not_cracked_top 0.5302521 0.4123483 0.26477593 0.65625
sniffer_egg_not_cracked_west 0.3537582 0.30819038 0.20365605 0.75
sniffer_egg_slightly_cracked_bottom 0.27866483 0.097665735 0.10077031 0.65625
sniffer_egg_slightly_cracked_east 0.35324755 0.26838237 0.1855188 0.75
sniffer_egg_slightly_cracked_north 0.3497199 0.28247553 0.19364497 0.875
sniffer_egg_slightly_cracked_south 0.35308126 0.28438377 0.19467789 0.875
sniffer_egg_slightly_cracked_top 0.50590575 0.3809991 0.24502802 0.65625
sniffer_egg_slightly_cracked_west 0.34820262 0.2980801 0.19922386 0.75
sniffer_egg_top 0.5302521 0.4123483 0.26477593 0.65625
sniffer_egg_very_cracked_bottom 0.27483663 0.09813259 0.10123716 0.65625
sniffer_egg_very_cracked_east 0.33721405 0.25457516 0.17855392 0.75
sniffer_egg_very_cracked_north 0.33606446 0.267402 0.1854517 0.875
sniffer_egg_very_cracked_south 0.33277315 0.2691527 0.18734245 0.875
sniffer_egg_very_cracked_top 0.47068164 0.35046688 0.22920169 0.65625
sniffer_egg_very_cracked_west 0.32743058 0.27955475 0.19113563 0.75
snow_copy 0.9765473 0.9969517 0.9969517 1.0
snow 0.8655638 0.88621336 0.88621336 1.0
soul_campfire_fire 0.31741545 0.80238277 0.8162712 0.48779297
soul_campfire_log_lit 0.27406943 0.41771606 0.40999547 1.0
soul_fire_0 0.2002134 0.75526357 0.77313775 0.5765381
soul_fire_1 0.21648598 0.7581889 0.7756177 0.54833984
soul_lantern 0.2822543 0.39001113 0.45061046 0.4140625
soul_sand 0.31916365 0.24376535 0.1988358 1.0
soul_soil 0.29716608 0.2256281 0.18290444 1.0
soul_torch 0.4286275 0.45156866 0.35137257 0.078125
spawner 0.14278075 0.18177363 0.24632354 0.6875
sponge 0.7680454 0.75350803 0.29258582 1.0
spore_blossom 0.8115117 0.3802024 0.62182164 0.484375
spore_blossom_base 0.4430633 0.5584413 0.1976816 0.62109375
spruce_door_bottom 0.41516548 0.31522676 0.19162074 1.0
spruce_door_top 0.41755518 0.3155025 0.19080885 1.0
spruce_leaves 0.49450985 0.49450985 0.49450985 0.625
spruce_log 0.23071387 0.14770222 0.06631435 1.0
spruce_log_top 0.4267004 0.31521145 0.18363972 1.0
spruce_planks 0.45065877 0.33272064 0.19042587 1.0
spruce_sapling 0.17557289 0.23586111 0.14372785 0.32421875
spruce_trapdoor 0.4066177 0.30997247 0.18766853 1.0
stone 0.49234074 0.49234074 0.49234074 1.0
stone_bricks 0.48022372 0.47771144 0.48022372 1.0
stonecutter_bottom 0.46317407 0.46176475 0.46305153 1.0
stonecutter_saw 0.8721187 0.8721187 0.8721187 0.3203125
stonecutter_side 0.41805556 0.3542756 0.30607298 0.5625
stonecutter_top 0.4836551 0.4655791 0.43616733 1.0
stripped_acacia_log 0.6852636 0.3644455 0.23442098 1.0
stripped_acacia_log_top 0.651486 0.3568781 0.20246632 1.0
stripped_bamboo_block 0.7583181 0.6788297 0.3155791 1.0
stripped_bamboo_block_top 0.699755 0.62297803 0.28529415 1.0
stripped_birch_log 0.77251846 0.69025743 0.4642004 1.0
stripped_birch_log_top 0.74964774 0.67365205 0.45643386 1.0
stripped_cherry_log 0.84344375 0.5692556 0.58409935 1.0
stripped_cherry_log_top 0.86682 0.64531255 0.61830586 1.0
stripped_crimson_stem 0.5385111 0.22478557 0.35314035 1.0
stripped_crimson_stem_top 0.0 0.0 0.0 0.0
stripped_dark_oak_log 0.28561583 0.22310051 0.14131436 1.0
stripped_dark_oak_log_top 0.25839463 0.1734222 0.08926165 1.0
stripped_jungle_log 0.6725031 0.5209253 0.33169428 1.0
stripped_jungle_log_top 0.6504443 0.48229173 0.3210019 1.0
stripped_mangrove_log 0.468796 0.21344978 0.18820468 1.0
stripped_mangrove_log_top 0.4275889 0.17089462 0.16983764 1.0
stripped_oak_log 0.69591004 0.56510425 0.33745408 1.0
stripped_oak_log_top 0.62778807 0.5085785 0.30255824 1.0
stripped_spruce_log 0.45352334 0.35280335 0.2056526 1.0
stripped_spruce_log_top 0.41519612 0.31473655 0.18261337 1.0
stripped_warped_stem 0.22576596 0.5918659 0.57951903 1.0
stripped_warped_stem_top 0.0 0.0 0.0 0.0
structure_block 0.3485601 0.29162073 0.35321695 1.0
structure_block_corner 0.26853558 0.22581191 0.27313116 1.0
structure_block_data 0.31060052 0.25847122 0.3157476 1.0
structure_block_load 0.27205884 0.22636339 0.27696082 1.0
structure_block_save 0.33900127 0.2805607 0.34341303 1.0
sugar_cane 0.5833125 0.7563622 0.39632878 0.55078125
sunflower_back 0.21432883 0.5014329 0.13604827 0.203125
sunflower_bottom 0.22256623 0.5297558 0.121155836 0.22265625
sunflower_front 0.96478134 0.77134246 0.21221721 0.203125
sunflower_top 0.19531943 0.5072739 0.10664137 0.12109375
suspicious_gravel 0.50409013 0.4856312 0.48229173 1.0
suspicious_gravel_0 0.5088542 0.49056378 0.48682603 1.0
suspicious_gravel_1 0.50409013 0.4856312 0.48229173 1.0
suspicious_gravel_2 0.49425557 0.47432604 0.47113976 1.0
suspicious_gravel_3 0.48700985 0.46686587 0.46381745 1.0
suspicious_sand 0.8492648 0.7949143 0.6138634 1.0
suspicious_sand_0 0.8537225 0.8013022 0.6243873 1.0
suspicious_sand_1 0.8492648 0.7949143 0.6138634 1.0
suspicious_sand_2 0.8394762 0.7796263 0.5933058 1.0
suspicious_sand_3 0.82596517 0.75704664 0.56997555 1.0
sweet_berry_bush 0.2683854 0.30513194 0.19983056 0.6328125
sweet_berry_bush_stage0 0.16833149 0.35138735 0.22027378 0.20703125
sweet_berry_bush_stage1 0.18640149 0.36885318 0.22646356 0.54296875
sweet_berry_bush_stage2 0.23494254 0.34650442 0.21998648 0.56640625
sweet_berry_bush_stage3 0.2683854 0.30513194 0.19983056 0.6328125
tall_grass_bottom 0.50372237 0.50258994 0.50372237 0.73046875
tall_grass_top 0.5929412 0.5859695 0.5929412 0.3515625
tall_seagrass_bottom 0.1781643 0.46031716 0.016541222 0.54790294
tall_seagrass_top 0.23161665 0.5458954 0.055552848 0.29728618
target_side 0.89886653 0.6910846 0.6590687 1.0
target_top 0.88777584 0.66790754 0.618842 1.0
terracotta 0.59659934 0.36868876 0.26556376 1.0
tinted_glass 0.17308655 0.14974877 0.18082218 0.51409316
tnt_bottom 0.65392166 0.26176473 0.20882355 1.0
tnt_side 0.7150123 0.34574145 0.3296569 1.0
tnt_top 0.5596661 0.24376535 0.21096817 1.0
torch 0.5445098 0.4447059 0.25078434 0.078125
torchflower 0.39587632 0.39692745 0.3023651 0.37890625
torchflower_crop_stage0 0.11251886 0.38265464 0.26410258 0.1015625
torchflower_crop_stage1 0.25438294 0.42848906 0.29953864 0.265625
trapped_chest_top 0.49759907 0.3597039 0.14501801 0.765625
tripwire 0.5234177 0.5234177 0.5234177 0.062898286
tripwire_hook 0.55933505 0.5232737 0.46283036 0.1796875
tube_coral 0.1868256 0.32718188 0.772831 0.59765625
tube_coral_block 0.19264708 0.3416667 0.8103555 1.0
tube_coral_fan 0.19955325 0.3592455 0.8186151 0.30859375
tuff 0.42375925 0.4280025 0.40248168 1.0
turtle_egg 0.89417666 0.8898128 0.752322 0.51953125
turtle_egg_slightly_cracked 0.8558456 0.8429014 0.6961522 0.51953125
turtle_egg_very_cracked 0.8155979 0.7993219 0.6488575 0.51953125
twisting_vines 0.07898371 0.5615576 0.4877106 0.27734375
twisting_vines_plant 0.07908497 0.53320265 0.47869283 0.3515625
verdant_froglight_side 0.8282783 0.9201747 0.8166668 1.0
verdant_froglight_top 0.89905035 0.95867044 0.8945467 1.0
vine 0.45525116 0.45525116 0.45525116 0.5703125
warped_door_bottom 0.16979168 0.46587014 0.44080886 1.0
warped_door_top 0.17480087 0.49794737 0.47303927 1.0
warped_fungus 0.2909804 0.4276863 0.34486276 0.1953125
warped_nylium 0.16942404 0.44842222 0.39715078 1.0
warped_nylium_side 0.28472736 0.24290751 0.23340996 1.0
warped_planks 0.16882661 0.41125923 0.38878682 1.0
warped_roots 0.07975277 0.5415601 0.4870418 0.359375
warped_roots_pot 0.08047501 0.5356532 0.48345762 0.27734375
warped_stem 0.22778496 0.23073839 0.30401963 1.0
warped_stem_top 0.20920652 0.43003988 0.4319394 1.0
warped_trapdoor 0.18550386 0.4687543 0.4380646 0.78515625
warped_wart_block 0.08941484 0.47037384 0.47492346 1.0
water 0.6926318 0.6926318 0.6926318 0.7058824
water_flow 0.66267216 0.66267216 0.66267216 0.7058824
water_overlay 0.64313734 0.64313734 0.64313734 0.7058824
water_still 0.6928549 0.6928549 0.6928549 0.7058824
weathered_copper 0.42469367 0.6000154 0.4327819 1.0
weathered_cut_copper 0.4289063 0.57006747 0.42169124 1.0
weeping_vines 0.41008407 0.0050420174 0.0 0.109375
weeping_vines_plant 0.5205115 0.06441603 0.04780904 0.44921875
wet_sponge 0.67095596 0.7106312 0.27622554 1.0
wheat 0.6536042 0.59452677 0.28689522 0.54296875
wheat_stage0 0.033613447 0.50084037 0.061064433 0.02734375
wheat_stage1 0.022303924 0.50049025 0.031127455 0.0625
wheat_stage2 0.026500298 0.5229947 0.04955437 0.12890625
wheat_stage3 0.0413117 0.51304936 0.052197434 0.2265625
wheat_stage4 0.14554481 0.5211219 0.071829244 0.30859375
wheat_stage5 0.24988689 0.5061463 0.07303922 0.40625
wheat_stage6 0.5568005 0.5224401 0.1459695 0.4921875
wheat_stage7 0.6536042 0.59452677 0.28689522 0.54296875
white_candle 0.8244632 0.85004675 0.8537816 0.08203125
white_candle_lit 0.8537816 0.85191417 0.8080299 0.08203125
white_concrete 0.81219375 0.8356006 0.83950686 1.0
white_concrete_powder 0.8852023 0.8921263 0.89348966 1.0
white_glazed_terracotta 0.7392158 0.8333181 0.7956649 1.0
white_shulker_box 0.84519005 0.86485916 0.86678934 1.0
white_stained_glass 1.0 1.0 1.0 0.46012563
white_stained_glass_pane_top 0.96519613 0.96519613 0.96519613 0.1127451
white_terracotta 0.8221049 0.69817716 0.63273597 1.0
white_tulip 0.3667974 0.6461002 0.27860567 0.17578125
white_wool 0.9160387 0.9266545 0.9285234 1.0
wither_rose 0.16258612 0.17551671 0.091361955 0.14453125
yellow_candle 0.8196079 0.64612514 0.1968254 0.08203125
yellow_candle_lit 0.8502335 0.7200747 0.292437 0.08203125
yellow_concrete 0.9450522 0.687883 0.084114596 1.0
yellow_concrete_powder 0.9132814 0.78108156 0.2147825 1.0
yellow_glazed_terracotta 0.9190105 0.7541974 0.34788606 1.0
yellow_shulker_box 0.972687 0.7411612 0.115379915 1.0
yellow_stained_glass 0.89930594 0.89930594 0.19873333 0.46012563
yellow_stained_glass_pane_top 0.86801475 0.86801475 0.19031863 0.1127451
yellow_terracotta 0.7304688 0.5221202 0.13867955 1.0
yellow_wool 0.9756129 0.7763175 0.1554228 1.0