acacia_door_bottom 0.0 0.9677419 0.032258064 1.0
acacia_door_top 0.032258064 0.9677419 0.06451613 1.0
acacia_leaves 0.06451613 0.9677419 0.09677419 1.0
acacia_log 0.09677419 0.9677419 0.12903225 1.0
acacia_log_top 0.12903225 0.9677419 0.16129032 1.0
acacia_planks 0.16129032 0.9677419 0.19354838 1.0
acacia_sapling 0.19354838 0.9677419 0.22580644 1.0
acacia_trapdoor 0.22580644 0.9677419 0.2580645 1.0
activator_rail 0.2580645 0.9677419 0.29032257 1.0
activator_rail_on 0.29032257 0.9677419 0.32258064 1.0
allium 0.32258064 0.9677419 0.3548387 1.0
amethyst_block 0.3548387 0.9677419 0.38709676 1.0
amethyst_cluster 0.38709676 0.9677419 0.41935483 1.0
ancient_debris_side 0.41935483 0.9677419 0.4516129 1.0
ancient_debris_top 0.4516129 0.9677419 0.48387095 1.0
andesite 0.48387095 0.9677419 0.516129 1.0
anvil 0.516129 0.9677419 0.5483871 1.0
anvil_top 0.5483871 0.9677419 0.58064514 1.0
attached_melon_stem 0.58064514 0.9677419 0.61290324 1.0
attached_pumpkin_stem 0.61290324 0.9677419 0.6451613 1.0
azalea_leaves 0.6451613 0.9677419 0.67741936 1.0
azalea_plant 0.67741936 0.9677419 0.7096774 1.0
azalea_side 0.7096774 0.9677419 0.7419355 1.0
azalea_top 0.7419355 0.9677419 0.7741935 1.0
azure_bluet 0.7741935 0.9677419 0.8064516 1.0
bamboo 0.8064516 0.9677419 0.83870965 1.0
bamboo_block 0.83870965 0.9677419 0.87096775 1.0
bamboo_block_top 0.87096775 0.9677419 0.9032258 1.0
bamboo_door_bottom 0.9032258 0.9677419 0.9354839 1.0
bamboo_door_top 0.9354839 0.9677419 0.9677419 1.0
bamboo_fence 0.9677419 0.9677419 1.0 1.0
bamboo_fence_gate 0.0 0.9354839 0.032258064 0.9677419
bamboo_fence_gate_particle 0.032258064 0.9354839 0.06451613 0.9677419
bamboo_fence_particle 0.06451613 0.9354839 0.09677419 0.9677419
bamboo_large_leaves 0.09677419 0.9354839 0.12903225 0.9677419
bamboo_mosaic 0.12903225 0.9354839 0.16129032 0.9677419
bamboo_planks 0.16129032 0.9354839 0.19354838 0.9677419
bamboo_singleleaf 0.19354838 0.9354839 0.22580644 0.9677419
bamboo_small_leaves 0.22580644 0.9354839 0.2580645 0.9677419
bamboo_stage0 0.2580645 0.9354839 0.29032257 0.9677419
bamboo_stalk 0.29032257 0.9354839 0.32258064 0.9677419
bamboo_trapdoor 0.32258064 0.9354839 0.3548387 0.9677419
barrel_bottom 0.3548387 0.9354839 0.38709676 0.9677419
barrel_side 0.38709676 0.9354839 0.41935483 0.9677419
barrel_top 0.41935483 0.9354839 0.4516129 0.9677419
barrel_top_open 0.4516129 0.9354839 0.48387095 0.9677419
basalt_side 0.48387095 0.9354839 0.516129 0.9677419
basalt_top 0.516129 0.9354839 0.5483871 0.9677419
beacon 0.5483871 0.9354839 0.58064514 0.9677419
bedrock 0.58064514 0.9354839 0.61290324 0.9677419
bee_nest_bottom 0.61290324 0.9354839 0.6451613 0.9677419
bee_nest_front 0.6451613 0.9354839 0.67741936 0.9677419
bee_nest_front_honey 0.67741936 0.9354839 0.7096774 0.9677419
bee_nest_side 0.7096774 0.9354839 0.7419355 0.9677419
bee_nest_top 0.7419355 0.9354839 0.7741935 0.9677419
beehive_end 0.7741935 0.9354839 0.8064516 0.9677419
beehive_front 0.8064516 0.9354839 0.83870965 0.9677419
beehive_front_honey 0.83870965 0.9354839 0.87096775 0.9677419
beehive_side 0.87096775 0.9354839 0.9032258 0.9677419
beetroots 0.9032258 0.9354839 0.9354839 0.9677419
beetroots_stage0 0.9354839 0.9354839 0.9677419 0.9677419
beetroots_stage1 0.9677419 0.9354839 1.0 0.9677419
beetroots_stage2 0.0 0.9032258 0.032258064 0.9354839
beetroots_stage3 0.032258064 0.9032258 0.06451613 0.9354839
bell_bottom 0.06451613 0.9032258 0.09677419 0.9354839
bell_side 0.09677419 0.9032258 0.12903225 0.9354839
bell_top 0.12903225 0.9032258 0.16129032 0.9354839
big_dripleaf_side 0.16129032 0.9032258 0.19354838 0.9354839
big_dripleaf_stem 0.19354838 0.9032258 0.22580644 0.9354839
big_dripleaf_tip 0.22580644 0.9032258 0.2580645 0.9354839
big_dripleaf_top 0.2580645 0.9032258 0.29032257 0.9354839
birch_door_bottom 0.29032257 0.9032258 0.32258064 0.9354839
birch_door_top 0.32258064 0.9032258 0.3548387 0.9354839
birch_leaves 0.3548387 0.9032258 0.38709676 0.9354839
birch_log 0.38709676 0.9032258 0.41935483 0.9354839
birch_log_top 0.41935483 0.9032258 0.4516129 0.9354839
birch_planks 0.4516129 0.9032258 0.48387095 0.9354839
birch_sapling 0.48387095 0.9032258 0.516129 0.9354839
birch_trapdoor 0.516129 0.9032258 0.5483871 0.9354839
black_candle 0.5483871 0.9032258 0.58064514 0.9354839
black_candle_lit 0.58064514 0.9032258 0.61290324 0.9354839
black_concrete 0.61290324 0.9032258 0.6451613 0.9354839
black_concrete_powder 0.6451613 0.9032258 0.67741936 0.9354839
black_glazed_terracotta 0.67741936 0.9032258 0.7096774 0.9354839
black_shulker_box 0.7096774 0.9032258 0.7419355 0.9354839
black_stained_glass 0.7419355 0.9032258 0.7741935 0.9354839
black_stained_glass_pane_top 0.7741935 0.9032258 0.8064516 0.9354839
black_terracotta 0.8064516 0.9032258 0.83870965 0.9354839
black_wool 0.83870965 0.9032258 0.87096775 0.9354839
blackstone 0.87096775 0.9032258 0.9032258 0.9354839
blackstone_top 0.9032258 0.9032258 0.9354839 0.9354839
blast_furnace_front 0.9354839 0.9032258 0.9677419 0.9354839
blast_furnace_front_on 0.9677419 0.9032258 1.0 0.9354839
blast_furnace_side 0.0 0.87096775 0.032258064 0.9032258
blast_furnace_top 0.032258064 0.87096775 0.06451613 0.9032258
blue_candle 0.06451613 0.87096775 0.09677419 0.9032258
blue_candle_lit 0.09677419 0.87096775 0.12903225 0.9032258
blue_concrete 0.12903225 0.87096775 0.16129032 0.9032258
blue_concrete_powder 0.16129032 0.87096775 0.19354838 0.9032258
blue_glazed_terracotta 0.19354838 0.87096775 0.22580644 0.9032258
blue_ice 0.22580644 0.87096775 0.2580645 0.9032258
blue_orchid 0.2580645 0.87096775 0.29032257 0.9032258
blue_shulker_box 0.29032257 0.87096775 0.32258064 0.9032258
blue_stained_glass 0.32258064 0.87096775 0.3548387 0.9032258
blue_stained_glass_pane_top 0.3548387 0.87096775 0.38709676 0.9032258
blue_terracotta 0.38709676 0.87096775 0.41935483 0.9032258
blue_wool 0.41935483 0.87096775 0.4516129 0.9032258
bone_block_side 0.4516129 0.87096775 0.48387095 0.9032258
bone_block_top 0.48387095 0.87096775 0.516129 0.9032258
bookshelf 0.516129 0.87096775 0.5483871 0.9032258
brain_coral 0.5483871 0.87096775 0.58064514 0.9032258
brain_coral_block 0.58064514 0.87096775 0.61290324 0.9032258
brain_coral_fan 0.61290324 0.87096775 0.6451613 0.9032258
brewing_stand 0.6451613 0.87096775 0.67741936 0.9032258
brewing_stand_base 0.67741936 0.87096775 0.7096774 0.9032258
bricks 0.7096774 0.87096775 0.7419355 0.9032258
brown_candle 0.7419355 0.87096775 0.7741935 0.9032258
brown_candle_lit 0.7741935 0.87096775 0.8064516 0.9032258
brown_concrete 0.8064516 0.87096775 0.83870965 0.9032258
brown_concrete_powder 0.83870965 0.87096775 0.87096775 0.9032258
brown_glazed_terracotta 0.87096775 0.87096775 0.9032258 0.9032258
brown_mushroom 0.9032258 0.87096775 0.9354839 0.9032258
brown_mushroom_block 0.9354839 0.87096775 0.9677419 0.9032258
brown_shulker_box 0.9677419 0.87096775 1.0 0.9032258
brown_stained_glass 0.0 0.83870965 0.032258064 0.87096775
brown_stained_glass_pane_top 0.032258064 0.83870965 0.06451613 0.87096775
brown_terracotta 0.06451613 0.83870965 0.09677419 0.87096775
brown_wool 0.09677419 0.83870965 0.12903225 0.87096775
bubble 0.12903225 0.83870965 0.16129032 0.87096775
bubble_column 0.16129032 0.83870965 0.19354838 0.87096775
bubble_column_top 0.19354838 0.83870965 0.22580644 0.87096775
bubble_coral 0.22580644 0.83870965 0.2580645 0.87096775
bubble_coral_block 0.2580645 0.83870965 0.29032257 0.87096775
bubble_coral_fan 0.29032257 0.83870965 0.32258064 0.87096775
budding_amethyst 0.32258064 0.83870965 0.3548387 0.87096775
cactus_bottom 0.3548387 0.83870965 0.38709676 0.87096775
cactus_side 0.38709676 0.83870965 0.41935483 0.87096775
cactus_top 0.41935483 0.83870965 0.4516129 0.87096775
cake_bottom 0.4516129 0.83870965 0.48387095 0.87096775
cake_inner 0.48387095 0.83870965 0.516129 0.87096775
cake_side 0.516129 0.83870965 0.5483871 0.87096775
cake_top 0.5483871 0.83870965 0.58064514 0.87096775
calcite 0.58064514 0.83870965 0.61290324 0.87096775
calibrated_sculk_sensor_amethyst 0.61290324 0.83870965 0.6451613 0.87096775
calibrated_sculk_sensor_input_side 0.6451613 0.83870965 0.67741936 0.87096775
calibrated_sculk_sensor_top 0.67741936 0.83870965 0.7096774 0.87096775
campfire_fire 0.7096774 0.83870965 0.7419355 0.87096775
campfire_log 0.7419355 0.83870965 0.7741935 0.87096775
campfire_log_lit 0.7741935 0.83870965 0.8064516 0.87096775
candle 0.8064516 0.83870965 0.83870965 0.87096775
candle_lit 0.83870965 0.83870965 0.87096775 0.87096775
carrots 0.87096775 0.83870965 0.9032258 0.87096775
carrots_stage0 0.9032258 0.83870965 0.9354839 0.87096775
carrots_stage1 0.9354839 0.83870965 0.9677419 0.87096775
carrots_stage2 0.9677419 0.83870965 1.0 0.87096775
carrots_stage3 0.0 0.8064516 0.032258064 0.83870965
cartography_table_side1 0.032258064 0.8064516 0.06451613 0.83870965
cartography_table_side2 0.06451613 0.8064516 0.09677419 0.83870965
cartography_table_side3 0.09677419 0.8064516 0.12903225 0.83870965
cartography_table_top 0.12903225 0.8064516 0.16129032 0.83870965
carved_pumpkin 0.16129032 0.8064516 0.19354838 0.83870965
cauldron_bottom 0.19354838 0.8064516 0.22580644 0.83870965
cauldron_inner 0.22580644 0.8064516 0.2580645 0.83870965
cauldron_side 0.2580645 0.8064516 0.29032257 0.83870965
cauldron_top 0.29032257 0.8064516 0.32258064 0.83870965
cave_vines 0.32258064 0.8064516 0.3548387 0.83870965
cave_vines_lit 0.3548387 0.8064516 0.38709676 0.83870965
cave_vines_plant 0.38709676 0.8064516 0.41935483 0.83870965
cave_vines_plant_lit 0.41935483 0.8064516 0.4516129 0.83870965
chain 0.4516129 0.8064516 0.48387095 0.83870965
chain_command_block_back 0.48387095 0.8064516 0.516129 0.83870965
chain_command_block_conditional 0.516129 0.8064516 0.5483871 0.83870965
chain_command_block_front 0.5483871 0.8064516 0.58064514 0.83870965
chain_command_block_side 0.58064514 0.8064516 0.61290324 0.83870965
cherry_door_bottom 0.61290324 0.8064516 0.6451613 0.83870965
cherry_door_top 0.6451613 0.8064516 0.67741936 0.83870965
cherry_leaves 0.67741936 0.8064516 0.7096774 0.83870965
cherry_log 0.7096774 0.8064516 0.7419355 0.83870965
cherry_log_top 0.7419355 0.8064516 0.7741935 0.83870965
cherry_planks 0.7741935 0.8064516 0.8064516 0.83870965
cherry_sapling 0.8064516 0.8064516 0.83870965 0.83870965
cherry_trapdoor 0.83870965 0.8064516 0.87096775 0.83870965
chest_top 0.87096775 0.8064516 0.9032258 0.83870965
chipped_anvil_top 0.9032258 0.8064516 0.9354839 0.83870965
chiseled_bookshelf_empty 0.9354839 0.8064516 0.9677419 0.83870965
chiseled_bookshelf_occupied 0.9677419 0.8064516 1.0 0.83870965
chiseled_bookshelf_side 0.0 0.7741935 0.032258064 0.8064516
chiseled_bookshelf_top 0.032258064 0.7741935 0.06451613 0.8064516
chiseled_deepslate 0.06451613 0.7741935 0.09677419 0.8064516
chiseled_nether_bricks 0.09677419 0.7741935 0.12903225 0.8064516
chiseled_polished_blackstone 0.12903225 0.7741935 0.16129032 0.8064516
chiseled_quartz_block 0.16129032 0.7741935 0.19354838 0.8064516
chiseled_quartz_block_top 0.19354838 0.7741935 0.22580644 0.8064516
chiseled_red_sandstone 0.22580644 0.7741935 0.2580645 0.8064516
chiseled_sandstone 0.2580645 0.7741935 0.29032257 0.8064516
chiseled_stone_bricks 0.29032257 0.7741935 0.32258064 0.8064516
chorus_flower 0.32258064 0.7741935 0.3548387 0.8064516
chorus_flower_dead 0.3548387 0.7741935 0.38709676 0.8064516
chorus_plant 0.38709676 0.7741935 0.41935483 0.8064516
clay 0.41935483 0.7741935 0.4516129 0.8064516
coal_block 0.4516129 0.7741935 0.48387095 0.8064516
coal_ore 0.48387095 0.7741935 0.516129 0.8064516
coarse_dirt 0.516129 0.7741935 0.5483871 0.8064516
cobbled_deepslate 0.5483871 0.7741935 0.58064514 0.8064516
cobblestone 0.58064514 0.7741935 0.61290324 0.8064516
cobweb 0.61290324 0.7741935 0.6451613 0.8064516
cocoa_stage0 0.6451613 0.7741935 0.67741936 0.8064516
cocoa_stage1 0.67741936 0.7741935 0.7096774 0.8064516
cocoa_stage2 0.7096774 0.7741935 0.7419355 0.8064516
command_block_back 0.7419355 0.7741935 0.7741935 0.8064516
command_block_conditional 0.7741935 0.7741935 0.8064516 0.8064516
command_block_front 0.8064516 0.7741935 0.83870965 0.8064516
command_block_side 0.83870965 0.7741935 0.87096775 0.8064516
comparator 0.87096775 0.7741935 0.9032258 0.8064516
comparator_on 0.9032258 0.7741935 0.9354839 0.8064516
composter_bottom 0.9354839 0.7741935 0.9677419 0.8064516
composter_compost 0.9677419 0.7741935 1.0 0.8064516
composter_ready 0.0 0.7419355 0.032258064 0.7741935
composter_side 0.032258064 0.7419355 0.06451613 0.7741935
composter_top_copy 0.06451613 0.7419355 0.09677419 0.7741935
composter_top 0.09677419 0.7419355 0.12903225 0.7741935
conduit 0.12903225 0.7419355 0.16129032 0.7741935
copper_block 0.16129032 0.7419355 0.19354838 0.7741935
copper_ore 0.19354838 0.7419355 0.22580644 0.7741935
cornflower 0.22580644 0.7419355 0.2580645 0.7741935
cracked_deepslate_bricks 0.2580645 0.7419355 0.29032257 0.7741935
cracked_deepslate_tiles 0.29032257 0.7419355 0.32258064 0.7741935
cracked_nether_bricks 0.32258064 0.7419355 0.3548387 0.7741935
cracked_polished_blackstone_bricks 0.3548387 0.7419355 0.38709676 0.7741935
cracked_stone_bricks 0.38709676 0.7419355 0.41935483 0.7741935
crafting_table_front 0.41935483 0.7419355 0.4516129 0.7741935
crafting_table_side 0.4516129 0.7419355 0.48387095 0.7741935
crafting_table_top 0.48387095 0.7419355 0.516129 0.7741935
crimson_door_bottom 0.516129 0.7419355 0.5483871 0.7741935
crimson_door_top 0.5483871 0.7419355 0.58064514 0.7741935
crimson_fungus 0.58064514 0.7419355 0.61290324 0.7741935
crimson_nylium 0.61290324 0.7419355 0.6451613 0.7741935
crimson_nylium_side 0.6451613 0.7419355 0.67741936 0.7741935
crimson_planks 0.67741936 0.7419355 0.7096774 0.7741935
crimson_roots 0.7096774 0.7419355 0.7419355 0.7741935
crimson_roots_pot 0.7419355 0.7419355 0.7741935 0.7741935
crimson_stem 0.7741935 0.7419355 0.8064516 0.7741935
crimson_stem_top 0.8064516 0.7419355 0.83870965 0.7741935
crimson_trapdoor 0.83870965 0.7419355 0.87096775 0.7741935
crying_obsidian 0.87096775 0.7419355 0.9032258 0.7741935
cut_copper 0.9032258 0.7419355 0.9354839 0.7741935
cut_red_sandstone 0.9354839 0.7419355 0.9677419 0.7741935
cut_sandstone 0.9677419 0.7419355 1.0 0.7741935
cyan_candle 0.0 0.7096774 0.032258064 0.7419355
cyan_candle_lit 0.032258064 0.7096774 0.06451613 0.7419355
cyan_concrete 0.06451613 0.7096774 0.09677419 0.7419355
cyan_concrete_powder 0.09677419 0.7096774 0.12903225 0.7419355
cyan_glazed_terracotta 0.12903225 0.7096774 0.16129032 0.7419355
cyan_shulker_box 0.16129032 0.7096774 0.19354838 0.7419355
cyan_stained_glass 0.19354838 0.7096774 0.22580644 0.7419355
cyan_stained_glass_pane_top 0.22580644 0.7096774 0.2580645 0.7419355
cyan_terracotta 0.2580645 0.7096774 0.29032257 0.7419355
cyan_wool 0.29032257 0.7096774 0.32258064 0.7419355
damaged_anvil_top 0.32258064 0.7096774 0.3548387 0.7419355
dandelion 0.3548387 0.7096774 0.38709676 0.7419355
dark_oak_door_bottom 0.38709676 0.7096774 0.41935483 0.7419355
dark_oak_door_top 0.41935483 0.7096774 0.4516129 0.7419355
dark_oak_leaves 0.4516129 0.7096774 0.48387095 0.7419355
dark_oak_log 0.48387095 0.7096774 0.516129 0.7419355
dark_oak_log_top 0.516129 0.7096774 0.5483871 0.7419355
dark_oak_planks 0.5483871 0.7096774 0.58064514 0.7419355
dark_oak_sapling 0.58064514 0.7096774 0.61290324 0.7419355
dark_oak_trapdoor 0.61290324 0.7096774 0.6451613 0.7419355
dark_prismarine 0.6451613 0.7096774 0.67741936 0.7419355
daylight_detector_inverted_top 0.67741936 0.7096774 0.7096774 0.7419355
daylight_detector_side 0.7096774 0.7096774 0.7419355 0.7419355
daylight_detector_top 0.7419355 0.7096774 0.7741935 0.7419355
dead_brain_coral 0.7741935 0.7096774 0.8064516 0.7419355
dead_brain_coral_block 0.8064516 0.7096774 0.83870965 0.7419355
dead_brain_coral_fan 0.83870965 0.7096774 0.87096775 0.7419355
dead_bubble_coral 0.87096775 0.7096774 0.9032258 0.7419355
dead_bubble_coral_block 0.9032258 0.7096774 0.9354839 0.7419355
dead_bubble_coral_fan 0.9354839 0.7096774 0.9677419 0.7419355
dead_bush 0.9677419 0.7096774 1.0 0.7419355
dead_fire_coral 0.0 0.67741936 0.032258064 0.7096774
dead_fire_coral_block 0.032258064 0.67741936 0.06451613 0.7096774
dead_fire_coral_fan 0.06451613 0.67741936 0.09677419 0.7096774
dead_horn_coral 0.09677419 0.67741936 0.12903225 0.7096774
dead_horn_coral_block 0.12903225 0.67741936 0.16129032 0.7096774
dead_horn_coral_fan 0.16129032 0.67741936 0.19354838 0.7096774
dead_tube_coral 0.19354838 0.67741936 0.22580644 0.7096774
dead_tube_coral_block 0.22580644 0.67741936 0.2580645 0.7096774
dead_tube_coral_fan 0.2580645 0.67741936 0.29032257 0.7096774
debug 0.29032257 0.67741936 0.32258064 0.7096774
debug2 0.32258064 0.67741936 0.3548387 0.7096774
deepslate 0.3548387 0.67741936 0.38709676 0.7096774
deepslate_bricks 0.38709676 0.67741936 0.41935483 0.7096774
deepslate_coal_ore 0.41935483 0.67741936 0.4516129 0.7096774
deepslate_copper_ore 0.4516129 0.67741936 0.48387095 0.7096774
deepslate_diamond_ore 0.48387095 0.67741936 0.516129 0.7096774
deepslate_emerald_ore 0.516129 0.67741936 0.5483871 0.7096774
deepslate_gold_ore 0.5483871 0.67741936 0.58064514 0.7096774
deepslate_iron_ore 0.58064514 0.67741936 0.61290324 0.7096774
deepslate_lapis_ore 0.61290324 0.67741936 0.6451613 0.7096774
deepslate_redstone_ore 0.6451613 0.67741936 0.67741936 0.7096774
deepslate_tiles 0.67741936 0.67741936 0.7096774 0.7096774
deepslate_top 0.7096774 0.67741936 0.7419355 0.7096774
destroy_stage_0 0.7419355 0.67741936 0.7741935 0.7096774
destroy_stage_1 0.7741935 0.67741936 0.8064516 0.7096774
destroy_stage_2 0.8064516 0.67741936 0.83870965 0.7096774
destroy_stage_3 0.83870965 0.67741936 0.87096775 0.7096774
destroy_stage_4 0.87096775 0.67741936 0.9032258 0.7096774
destroy_stage_5 0.9032258 0.67741936 0.9354839 0.7096774
destroy_stage_6 0.9354839 0.67741936 0.9677419 0.7096774
destroy_stage_7 0.9677419 0.67741936 1.0 0.7096774
destroy_stage_8 0.0 0.6451613 0.032258064 0.67741936
destroy_stage_9 0.032258064 0.6451613 0.06451613 0.67741936
detector_rail 0.06451613 0.6451613 0.09677419 0.67741936
detector_rail_on 0.09677419 0.6451613 0.12903225 0.67741936
diamond_block 0.12903225 0.6451613 0.16129032 0.67741936
diamond_ore 0.16129032 0.6451613 0.19354838 0.67741936
diorite 0.19354838 0.6451613 0.22580644 0.67741936
dirt 0.22580644 0.6451613 0.2580645 0.67741936
dirt_path_side 0.2580645 0.6451613 0.29032257 0.67741936
dirt_path_top 0.29032257 0.6451613 0.32258064 0.67741936
dispenser_front 0.32258064 0.6451613 0.3548387 0.67741936
dispenser_front_vertical 0.3548387 0.6451613 0.38709676 0.67741936
dragon_egg 0.38709676 0.6451613 0.41935483 0.67741936
dried_kelp_bottom 0.41935483 0.6451613 0.4516129 0.67741936
dried_kelp_side 0.4516129 0.6451613 0.48387095 0.67741936
dried_kelp_top 0.48387095 0.6451613 0.516129 0.67741936
dripstone_block 0.516129 0.6451613 0.5483871 0.67741936
dropper_front 0.5483871 0.6451613 0.58064514 0.67741936
dropper_front_vertical 0.58064514 0.6451613 0.61290324 0.67741936
emerald_block 0.61290324 0.6451613 0.6451613 0.67741936
emerald_ore 0.6451613 0.6451613 0.67741936 0.67741936
enchanting_table_bottom 0.67741936 0.6451613 0.7096774 0.67741936
enchanting_table_side 0.7096774 0.6451613 0.7419355 0.67741936
enchanting_table_top 0.7419355 0.6451613 0.7741935 0.67741936
end_portal_frame_eye 0.7741935 0.6451613 0.8064516 0.67741936
end_portal_frame_side 0.8064516 0.6451613 0.83870965 0.67741936
end_portal_frame_top 0.83870965 0.6451613 0.87096775 0.67741936
end_rod 0.87096775 0.6451613 0.9032258 0.67741936
end_stone 0.9032258 0.6451613 0.9354839 0.67741936
end_stone_bricks 0.9354839 0.6451613 0.9677419 0.67741936
exposed_copper 0.9677419 0.6451613 1.0 0.67741936
exposed_cut_copper 0.0 0.61290324 0.032258064 0.6451613
farmland 0.032258064 0.61290324 0.06451613 0.6451613
farmland_moist 0.06451613 0.61290324 0.09677419 0.6451613
fern 0.09677419 0.61290324 0.12903225 0.6451613
fire 0.12903225 0.61290324 0.16129032 0.6451613
fire_0 0.16129032 0.61290324 0.19354838 0.6451613
fire_1 0.19354838 0.61290324 0.22580644 0.6451613
fire_coral 0.22580644 0.61290324 0.2580645 0.6451613
fire_coral_block 0.2580645 0.61290324 0.29032257 0.6451613
fire_coral_fan 0.29032257 0.61290324 0.32258064 0.6451613
fletching_table_front 0.32258064 0.61290324 0.3548387 0.6451613
fletching_table_side 0.3548387 0.61290324 0.38709676 0.6451613
fletching_table_top 0.38709676 0.61290324 0.41935483 0.6451613
flower_pot 0.41935483 0.61290324 0.4516129 0.6451613
flowering_azalea_leaves 0.4516129 0.61290324 0.48387095 0.6451613
flowering_azalea_side 0.48387095 0.61290324 0.516129 0.6451613
flowering_azalea_top 0.516129 0.61290324 0.5483871 0.6451613
frogspawn 0.5483871 0.61290324 0.58064514 0.6451613
frosted_ice_0 0.58064514 0.61290324 0.61290324 0.6451613
frosted_ice_1 0.61290324 0.61290324 0.6451613 0.6451613
frosted_ice_2 0.6451613 0.61290324 0.67741936 0.6451613
frosted_ice_3 0.67741936 0.61290324 0.7096774 0.6451613
furnace_front 0.7096774 0.61290324 0.7419355 0.6451613
furnace_front_on 0.7419355 0.61290324 0.7741935 0.6451613
furnace_side 0.7741935 0.61290324 0.8064516 0.6451613
furnace_top 0.8064516 0.61290324 0.83870965 0.6451613
gilded_blackstone 0.83870965 0.61290324 0.87096775 0.6451613
glass 0.87096775 0.61290324 0.9032258 0.6451613
glass_pane_top 0.9032258 0.61290324 0.9354839 0.6451613
glow_item_frame 0.9354839 0.61290324 0.9677419 0.6451613
glow_lichen 0.9677419 0.61290324 1.0 0.6451613
glowstone 0.0 0.58064514 0.032258064 0.61290324
gold_block 0.032258064 0.58064514 0.06451613 0.61290324
gold_ore 0.06451613 0.58064514 0.09677419 0.61290324
granite 0.09677419 0.58064514 0.12903225 0.61290324
grass 0.12903225 0.58064514 0.16129032 0.61290324
grass_block_side 0.16129032 0.58064514 0.19354838 0.61290324
grass_block_side_overlay 0.19354838 0.58064514 0.22580644 0.61290324
grass_block_snow 0.22580644 0.58064514 0.2580645 0.61290324
grass_block_top 0.2580645 0.58064514 0.29032257 0.61290324
gravel 0.29032257 0.58064514 0.32258064 0.61290324
gray_candle 0.32258064 0.58064514 0.3548387 0.61290324
gray_candle_lit 0.3548387 0.58064514 0.38709676 0.61290324
gray_concrete 0.38709676 0.58064514 0.41935483 0.61290324
gray_concrete_powder 0.41935483 0.58064514 0.4516129 0.61290324
gray_glazed_terracotta 0.4516129 0.58064514 0.48387095 0.61290324
gray_shulker_box 0.48387095 0.58064514 0.516129 0.61290324
gray_stained_glass 0.516129 0.58064514 0.5483871 0.61290324
gray_stained_glass_pane_top 0.5483871 0.58064514 0.58064514 0.61290324
gray_terracotta 0.58064514 0.58064514 0.61290324 0.61290324
gray_wool 0.61290324 0.58064514 0.6451613 0.61290324
green_candle 0.6451613 0.58064514 0.67741936 0.61290324
green_candle_lit 0.67741936 0.58064514 0.7096774 0.61290324
green_concrete 0.7096774 0.58064514 0.7419355 0.61290324
green_concrete_powder 0.7419355 0.58064514 0.7741935 0.61290324
green_glazed_terracotta 0.7741935 0.58064514 0.8064516 0.61290324
green_shulker_box 0.8064516 0.58064514 0.83870965 0.61290324
green_stained_glass 0.83870965 0.58064514 0.87096775 0.61290324
green_stained_glass_pane_top 0.87096775 0.58064514 0.9032258 0.61290324
green_terracotta 0.9032258 0.58064514 0.9354839 0.61290324
green_wool 0.9354839 0.58064514 0.9677419 0.61290324
grindstone_pivot 0.9677419 0.58064514 1.0 0.61290324
grindstone_round 0.0 0.5483871 0.032258064 0.58064514
grindstone_side 0.032258064 0.5483871 0.06451613 0.58064514
hanging_roots 0.06451613 0.5483871 0.09677419 0.58064514
hay_block_side 0.09677419 0.5483871 0.12903225 0.58064514
hay_block_top 0.12903225 0.5483871 0.16129032 0.58064514
honey_block_bottom 0.16129032 0.5483871 0.19354838 0.58064514
honey_block_side 0.19354838 0.5483871 0.22580644 0.58064514
honey_block_top 0.22580644 0.5483871 0.2580645 0.58064514
honeycomb_block 0.2580645 0.5483871 0.29032257 0.58064514
hopper_inside 0.29032257 0.5483871 0.32258064 0.58064514
hopper_outside 0.32258064 0.5483871 0.3548387 0.58064514
hopper_top_copy 0.3548387 0.5483871 0.38709676 0.58064514
hopper_top 0.38709676 0.5483871 0.41935483 0.58064514
horn_coral 0.41935483 0.5483871 0.4516129 0.58064514
horn_coral_block 0.4516129 0.5483871 0.48387095 0.58064514
horn_coral_fan 0.48387095 0.5483871 0.516129 0.58064514
ice 0.516129 0.5483871 0.5483871 0.58064514
iron_bars 0.5483871 0.5483871 0.58064514 0.58064514
iron_block 0.58064514 0.5483871 0.61290324 0.58064514
iron_door_bottom 0.61290324 0.5483871 0.6451613 0.58064514
iron_door_top 0.6451613 0.5483871 0.67741936 0.58064514
iron_ore 0.67741936 0.5483871 0.7096774 0.58064514
iron_trapdoor 0.7096774 0.5483871 0.7419355 0.58064514
item_frame 0.7419355 0.5483871 0.7741935 0.58064514
jack_o_lantern 0.7741935 0.5483871 0.8064516 0.58064514
jigsaw_bottom 0.8064516 0.5483871 0.83870965 0.58064514
jigsaw_lock 0.83870965 0.5483871 0.87096775 0.58064514
jigsaw_side 0.87096775 0.5483871 0.9032258 0.58064514
jigsaw_top 0.9032258 0.5483871 0.9354839 0.58064514
jukebox_side 0.9354839 0.5483871 0.9677419 0.58064514
jukebox_top 0.9677419 0.5483871 1.0 0.58064514
jungle_door_bottom 0.0 0.516129 0.032258064 0.5483871
jungle_door_top 0.032258064 0.516129 0.06451613 0.5483871
jungle_leaves 0.06451613 0.516129 0.09677419 0.5483871
jungle_log 0.09677419 0.516129 0.12903225 0.5483871
jungle_log_top 0.12903225 0.516129 0.16129032 0.5483871
jungle_planks 0.16129032 0.516129 0.19354838 0.5483871
jungle_sapling 0.19354838 0.516129 0.22580644 0.5483871
jungle_trapdoor 0.22580644 0.516129 0.2580645 0.5483871
kelp 0.2580645 0.516129 0.29032257 0.5483871
kelp_plant 0.29032257 0.516129 0.32258064 0.5483871
ladder 0.32258064 0.516129 0.3548387 0.5483871
lantern 0.3548387 0.516129 0.38709676 0.5483871
lapis_block 0.38709676 0.516129 0.41935483 0.5483871
lapis_ore 0.41935483 0.516129 0.4516129 0.5483871
large_amethyst_bud 0.4516129 0.516129 0.48387095 0.5483871
large_fern_bottom 0.48387095 0.516129 0.516129 0.5483871
large_fern_top 0.516129 0.516129 0.5483871 0.5483871
lava 0.5483871 0.516129 0.58064514 0.5483871
lava_flow 0.58064514 0.516129 0.61290324 0.5483871
lava_still 0.61290324 0.516129 0.6451613 0.5483871
lectern_base 0.6451613 0.516129 0.67741936 0.5483871
lectern_front 0.67741936 0.516129 0.7096774 0.5483871
lectern_sides 0.7096774 0.516129 0.7419355 0.5483871
lectern_top 0.7419355 0.516129 0.7741935 0.5483871
lever 0.7741935 0.516129 0.8064516 0.5483871
light_blue_candle 0.8064516 0.516129 0.83870965 0.5483871
light_blue_candle_lit 0.83870965 0.516129 0.87096775 0.5483871
light_blue_concrete 0.87096775 0.516129 0.9032258 0.5483871
light_blue_concrete_powder 0.9032258 0.516129 0.9354839 0.5483871
light_blue_glazed_terracotta 0.9354839 0.516129 0.9677419 0.5483871
light_blue_shulker_box 0.9677419 0.516129 1.0 0.5483871
light_blue_stained_glass 0.0 0.48387095 0.032258064 0.516129
light_blue_stained_glass_pane_top 0.032258064 0.48387095 0.06451613 0.516129
light_blue_terracotta 0.06451613 0.48387095 0.09677419 0.516129
light_blue_wool 0.09677419 0.48387095 0.12903225 0.516129
light_gray_candle 0.12903225 0.48387095 0.16129032 0.516129
light_gray_candle_lit 0.16129032 0.48387095 0.19354838 0.516129
light_gray_concrete 0.19354838 0.48387095 0.22580644 0.516129
light_gray_concrete_powder 0.22580644 0.48387095 0.2580645 0.516129
light_gray_glazed_terracotta 0.2580645 0.48387095 0.29032257 0.516129
light_gray_shulker_box 0.29032257 0.48387095 0.32258064 0.516129
light_gray_stained_glass 0.32258064 0.48387095 0.3548387 0.516129
light_gray_stained_glass_pane_top 0.3548387 0.48387095 0.38709676 0.516129
light_gray_terracotta 0.38709676 0.48387095 0.41935483 0.516129
light_gray_wool 0.41935483 0.48387095 0.4516129 0.516129
lightning_rod 0.4516129 0.48387095 0.48387095 0.516129
lightning_rod_on 0.48387095 0.48387095 0.516129 0.516129
lilac_bottom 0.516129 0.48387095 0.5483871 0.516129
lilac_top 0.5483871 0.48387095 0.58064514 0.516129
lily_of_the_valley 0.58064514 0.48387095 0.61290324 0.516129
lily_pad 0.61290324 0.48387095 0.6451613 0.516129
lime_candle 0.6451613 0.48387095 0.67741936 0.516129
lime_candle_lit 0.67741936 0.48387095 0.7096774 0.516129
lime_concrete 0.7096774 0.48387095 0.7419355 0.516129
lime_concrete_powder 0.7419355 0.48387095 0.7741935 0.516129
lime_glazed_terracotta 0.7741935 0.48387095 0.8064516 0.516129
lime_shulker_box 0.8064516 0.48387095 0.83870965 0.516129
lime_stained_glass 0.83870965 0.48387095 0.87096775 0.516129
lime_stained_glass_pane_top 0.87096775 0.48387095 0.9032258 0.516129
lime_terracotta 0.9032258 0.48387095 0.9354839 0.516129
lime_wool 0.9354839 0.48387095 0.9677419 0.516129
lodestone_side 0.9677419 0.48387095 1.0 0.516129
lodestone_top 0.0 0.4516129 0.032258064 0.48387095
loom_bottom 0.032258064 0.4516129 0.06451613 0.48387095
loom_front 0.06451613 0.4516129 0.09677419 0.48387095
loom_side 0.09677419 0.4516129 0.12903225 0.48387095
loom_top 0.12903225 0.4516129 0.16129032 0.48387095
magenta_candle 0.16129032 0.4516129 0.19354838 0.48387095
magenta_candle_lit 0.19354838 0.4516129 0.22580644 0.48387095
magenta_concrete 0.22580644 0.4516129 0.2580645 0.48387095
magenta_concrete_powder 0.2580645 0.4516129 0.29032257 0.48387095
magenta_glazed_terracotta 0.29032257 0.4516129 0.32258064 0.48387095
magenta_shulker_box 0.32258064 0.4516129 0.3548387 0.48387095
magenta_stained_glass 0.3548387 0.4516129 0.38709676 0.48387095
magenta_stained_glass_pane_top 0.38709676 0.4516129 0.41935483 0.48387095
magenta_terracotta 0.41935483 0.4516129 0.4516129 0.48387095
magenta_wool 0.4516129 0.4516129 0.48387095 0.48387095
magma 0.48387095 0.4516129 0.516129 0.48387095
mangrove_door_bottom 0.516129 0.4516129 0.5483871 0.48387095
mangrove_door_top 0.5483871 0.4516129 0.58064514 0.48387095
mangrove_leaves 0.58064514 0.4516129 0.61290324 0.48387095
mangrove_log 0.61290324 0.4516129 0.6451613 0.48387095
mangrove_log_top 0.6451613 0.4516129 0.67741936 0.48387095
mangrove_planks 0.67741936 0.4516129 0.7096774 0.48387095
mangrove_propagule 0.7096774 0.4516129 0.7419355 0.48387095
mangrove_propagule_hanging 0.7419355 0.4516129 0.7741935 0.48387095
mangrove_roots_side 0.7741935 0.4516129 0.8064516 0.48387095
mangrove_roots_top 0.8064516 0.4516129 0.83870965 0.48387095
mangrove_trapdoor 0.83870965 0.4516129 0.87096775 0.48387095
medium_amethyst_bud 0.87096775 0.4516129 0.9032258 0.48387095
melon_side 0.9032258 0.4516129 0.9354839 0.48387095
melon_stem 0.9354839 0.4516129 0.9677419 0.48387095
melon_top 0.9677419 0.4516129 1.0 0.48387095
moss_block 0.0 0.41935483 0.032258064 0.4516129
mossy_cobblestone 0.032258064 0.41935483 0.06451613 0.4516129
mossy_stone_bricks 0.06451613 0.41935483 0.09677419 0.4516129
mud 0.09677419 0.41935483 0.12903225 0.4516129
mud_bricks 0.12903225 0.41935483 0.16129032 0.4516129
muddy_mangrove_roots_side 0.16129032 0.41935483 0.19354838 0.4516129
muddy_mangrove_roots_top 0.19354838 0.41935483 0.22580644 0.4516129
mushroom_block_inside 0.22580644 0.41935483 0.2580645 0.4516129
mushroom_stem 0.2580645 0.41935483 0.29032257 0.4516129
mycelium_side 0.29032257 0.41935483 0.32258064 0.4516129
mycelium_top 0.32258064 0.41935483 0.3548387 0.4516129
nether_bricks 0.3548387 0.41935483 0.38709676 0.4516129
nether_gold_ore 0.38709676 0.41935483 0.41935483 0.4516129
nether_portal 0.41935483 0.41935483 0.4516129 0.4516129
nether_quartz_ore 0.4516129 0.41935483 0.48387095 0.4516129
nether_sprouts 0.48387095 0.41935483 0.516129 0.4516129
nether_wart_block 0.516129 0.41935483 0.5483871 0.4516129
nether_wart_stage0 0.5483871 0.41935483 0.58064514 0.4516129
nether_wart_stage1 0.58064514 0.41935483 0.61290324 0.4516129
nether_wart_stage2 0.61290324 0.41935483 0.6451613 0.4516129
netherite_block 0.6451613 0.41935483 0.67741936 0.4516129
netherrack 0.67741936 0.41935483 0.7096774 0.4516129
note_block 0.7096774 0.41935483 0.7419355 0.4516129
oak_door_bottom 0.7419355 0.41935483 0.7741935 0.4516129
oak_door_top 0.7741935 0.41935483 0.8064516 0.4516129
oak_leaves 0.8064516 0.41935483 0.83870965 0.4516129
oak_log 0.83870965 0.41935483 0.87096775 0.4516129
oak_log_top 0.87096775 0.41935483 0.9032258 0.4516129
oak_planks 0.9032258 0.41935483 0.9354839 0.4516129
oak_sapling 0.9354839 0.41935483 0.9677419 0.4516129
oak_trapdoor 0.9677419 0.41935483 1.0 0.4516129
observer_back 0.0 0.38709676 0.032258064 0.41935483
observer_back_on 0.032258064 0.38709676 0.06451613 0.41935483
observer_front 0.06451613 0.38709676 0.09677419 0.41935483
observer_side 0.09677419 0.38709676 0.12903225 0.41935483
observer_top 0.12903225 0.38709676 0.16129032 0.41935483
obsidian 0.16129032 0.38709676 0.19354838 0.41935483
ochre_froglight_side 0.19354838 0.38709676 0.22580644 0.41935483
ochre_froglight_top 0.22580644 0.38709676 0.2580645 0.41935483
orange_candle 0.2580645 0.38709676 0.29032257 0.41935483
orange_candle_lit 0.29032257 0.38709676 0.32258064 0.41935483
orange_concrete 0.32258064 0.38709676 0.3548387 0.41935483
orange_concrete_powder 0.3548387 0.38709676 0.38709676 0.41935483
orange_glazed_terracotta 0.38709676 0.38709676 0.41935483 0.41935483
orange_shulker_box 0.41935483 0.38709676 0.4516129 0.41935483
orange_stained_glass 0.4516129 0.38709676 0.48387095 0.41935483
orange_stained_glass_pane_top 0.48387095 0.38709676 0.516129 0.41935483
orange_terracotta 0.516129 0.38709676 0.5483871 0.41935483
orange_tulip 0.5483871 0.38709676 0.58064514 0.41935483
orange_wool 0.58064514 0.38709676 0.61290324 0.41935483
oxeye_daisy 0.61290324 0.38709676 0.6451613 0.41935483
oxidized_copper 0.6451613 0.38709676 0.67741936 0.41935483
oxidized_cut_copper 0.67741936 0.38709676 0.7096774 0.41935483
packed_ice 0.7096774 0.38709676 0.7419355 0.41935483
packed_mud 0.7419355 0.38709676 0.7741935 0.41935483
pearlescent_froglight_side 0.7741935 0.38709676 0.8064516 0.41935483
pearlescent_froglight_top 0.8064516 0.38709676 0.83870965 0.41935483
peony_bottom 0.83870965 0.38709676 0.87096775 0.41935483
peony_top 0.87096775 0.38709676 0.9032258 0.41935483
pink_candle 0.9032258 0.38709676 0.9354839 0.41935483
pink_candle_lit 0.9354839 0.38709676 0.9677419 0.41935483
pink_concrete 0.9677419 0.38709676 1.0 0.41935483
pink_concrete_powder 0.0 0.3548387 0.032258064 0.38709676
pink_glazed_terracotta 0.032258064 0.3548387 0.06451613 0.38709676
pink_petals 0.06451613 0.3548387 0.09677419 0.38709676
pink_petals_stem 0.09677419 0.3548387 0.12903225 0.38709676
pink_shulker_box 0.12903225 0.3548387 0.16129032 0.38709676
pink_stained_glass 0.16129032 0.3548387 0.19354838 0.38709676
pink_stained_glass_pane_top 0.19354838 0.3548387 0.22580644 0.38709676
pink_terracotta 0.22580644 0.3548387 0.2580645 0.38709676
pink_tulip 0.2580645 0.3548387 0.29032257 0.38709676
pink_wool 0.29032257 0.3548387 0.32258064 0.38709676
piston_bottom 0.32258064 0.3548387 0.3548387 0.38709676
piston_inner 0.3548387 0.3548387 0.38709676 0.38709676
piston_side 0.38709676 0.3548387 0.41935483 0.38709676
piston_top 0.41935483 0.3548387 0.4516129 0.38709676
piston_top_sticky 0.4516129 0.3548387 0.48387095 0.38709676
pitcher_crop_bottom 0.48387095 0.3548387 0.516129 0.38709676
pitcher_crop_bottom_stage_1 0.516129 0.3548387 0.5483871 0.38709676
pitcher_crop_bottom_stage_2 0.5483871 0.3548387 0.58064514 0.38709676
pitcher_crop_bottom_stage_3 0.58064514 0.3548387 0.61290324 0.38709676
pitcher_crop_bottom_stage_4 0.61290324 0.3548387 0.6451613 0.38709676
pitcher_crop_side 0.6451613 0.3548387 0.67741936 0.38709676
pitcher_crop_top 0.67741936 0.3548387 0.7096774 0.38709676
pitcher_crop_top_stage_3 0.7096774 0.3548387 0.7419355 0.38709676
pitcher_crop_top_stage_4 0.7419355 0.3548387 0.7741935 0.38709676
pitcher_plant 0.7741935 0.3548387 0.8064516 0.38709676
podzol_side 0.8064516 0.3548387 0.83870965 0.38709676
podzol_top 0.83870965 0.3548387 0.87096775 0.38709676
pointed_dripstone 0.87096775 0.3548387 0.9032258 0.38709676
pointed_dripstone_down_base 0.9032258 0.3548387 0.9354839 0.38709676
pointed_dripstone_down_frustum 0.9354839 0.3548387 0.9677419 0.38709676
pointed_dripstone_down_middle 0.9677419 0.3548387 1.0 0.38709676
pointed_dripstone_down_tip 0.0 0.32258064 0.032258064 0.3548387
pointed_dripstone_down_tip_merge 0.032258064 0.32258064 0.06451613 0.3548387
pointed_dripstone_up_base 0.06451613 0.32258064 0.09677419 0.3548387
pointed_dripstone_up_frustum 0.09677419 0.32258064 0.12903225 0.3548387
pointed_dripstone_up_middle 0.12903225 0.32258064 0.16129032 0.3548387
pointed_dripstone_up_tip 0.16129032 0.32258064 0.19354838 0.3548387
pointed_dripstone_up_tip_merge 0.19354838 0.32258064 0.22580644 0.3548387
polished_andesite 0.22580644 0.32258064 0.2580645 0.3548387
polished_basalt_side 0.2580645 0.32258064 0.29032257 0.3548387
polished_basalt_top 0.29032257 0.32258064 0.32258064 0.3548387
polished_blackstone 0.32258064 0.32258064 0.3548387 0.3548387
polished_blackstone_bricks 0.3548387 0.32258064 0.38709676 0.3548387
polished_deepslate 0.38709676 0.32258064 0.41935483 0.3548387
polished_diorite 0.41935483 0.32258064 0.4516129 0.3548387
polished_granite 0.4516129 0.32258064 0.48387095 0.3548387
poppy 0.48387095 0.32258064 0.516129 0.3548387
potatoes 0.516129 0.32258064 0.5483871 0.3548387
potatoes_stage0 0.5483871 0.32258064 0.58064514 0.3548387
potatoes_stage1 0.58064514 0.32258064 0.61290324 0.3548387
potatoes_stage2 0.61290324 0.32258064 0.6451613 0.3548387
potatoes_stage3 0.6451613 0.32258064 0.67741936 0.3548387
potted_azalea_bush_plant 0.67741936 0.32258064 0.7096774 0.3548387
potted_azalea_bush_side 0.7096774 0.32258064 0.7419355 0.3548387
potted_azalea_bush_top 0.7419355 0.32258064 0.7741935 0.3548387
potted_flowering_azalea_bush_plant 0.7741935 0.32258064 0.8064516 0.3548387
potted_flowering_azalea_bush_side 0.8064516 0.32258064 0.83870965 0.3548387
potted_flowering_azalea_bush_top 0.83870965 0.32258064 0.87096775 0.3548387
powder_snow 0.87096775 0.32258064 0.9032258 0.3548387
powered_rail 0.9032258 0.32258064 0.9354839 0.3548387
powered_rail_on 0.9354839 0.32258064 0.9677419 0.3548387
prismarine 0.9677419 0.32258064 1.0 0.3548387
prismarine_bricks 0.0 0.29032257 0.032258064 0.32258064
pumpkin_side 0.032258064 0.29032257 0.06451613 0.32258064
pumpkin_stem 0.06451613 0.29032257 0.09677419 0.32258064
pumpkin_top 0.09677419 0.29032257 0.12903225 0.32258064
purple_candle 0.12903225 0.29032257 0.16129032 0.32258064
purple_candle_lit 0.16129032 0.29032257 0.19354838 0.32258064
purple_concrete 0.19354838 0.29032257 0.22580644 0.32258064
purple_concrete_powder 0.22580644 0.29032257 0.2580645 0.32258064
purple_glazed_terracotta 0.2580645 0.29032257 0.29032257 0.32258064
purple_shulker_box 0.29032257 0.29032257 0.32258064 0.32258064
purple_stained_glass 0.32258064 0.29032257 0.3548387 0.32258064
purple_stained_glass_pane_top 0.3548387 0.29032257 0.38709676 0.32258064
purple_terracotta 0.38709676 0.29032257 0.41935483 0.32258064
purple_wool 0.41935483 0.29032257 0.4516129 0.32258064
purpur_block 0.4516129 0.29032257 0.48387095 0.32258064
purpur_pillar 0.48387095 0.29032257 0.516129 0.32258064
purpur_pillar_top 0.516129 0.29032257 0.5483871 0.32258064
quartz_block_bottom 0.5483871 0.29032257 0.58064514 0.32258064
quartz_block_side 0.58064514 0.29032257 0.61290324 0.32258064
quartz_block_top 0.61290324 0.29032257 0.6451613 0.32258064
quartz_bricks 0.6451613 0.29032257 0.67741936 0.32258064
quartz_pillar 0.67741936 0.29032257 0.7096774 0.32258064
quartz_pillar_top 0.7096774 0.29032257 0.7419355 0.32258064
rail 0.7419355 0.29032257 0.7741935 0.32258064
rail_corner 0.7741935 0.29032257 0.8064516 0.32258064
raw_copper_block 0.8064516 0.29032257 0.83870965 0.32258064
raw_gold_block 0.83870965 0.29032257 0.87096775 0.32258064
raw_iron_block 0.87096775 0.29032257 0.9032258 0.32258064
red_candle 0.9032258 0.29032257 0.9354839 0.32258064
red_candle_lit 0.9354839 0.29032257 0.9677419 0.32258064
red_concrete 0.9677419 0.29032257 1.0 0.32258064
red_concrete_powder 0.0 0.2580645 0.032258064 0.29032257
red_glazed_terracotta 0.032258064 0.2580645 0.06451613 0.29032257
red_mushroom 0.06451613 0.2580645 0.09677419 0.29032257
red_mushroom_block 0.09677419 0.2580645 0.12903225 0.29032257
red_nether_bricks 0.12903225 0.2580645 0.16129032 0.29032257
red_sand 0.16129032 0.2580645 0.19354838 0.29032257
red_sandstone 0.19354838 0.2580645 0.22580644 0.29032257
red_sandstone_bottom 0.22580644 0.2580645 0.2580645 0.29032257
red_sandstone_top 0.2580645 0.2580645 0.29032257 0.29032257
red_shulker_box 0.29032257 0.2580645 0.32258064 0.29032257
red_stained_glass 0.32258064 0.2580645 0.3548387 0.29032257
red_stained_glass_pane_top 0.3548387 0.2580645 0.38709676 0.29032257
red_terracotta 0.38709676 0.2580645 0.41935483 0.29032257
red_tulip 0.41935483 0.2580645 0.4516129 0.29032257
red_wool 0.4516129 0.2580645 0.48387095 0.29032257
redstone_block 0.48387095 0.2580645 0.516129 0.29032257
redstone_dust_dot 0.516129 0.2580645 0.5483871 0.29032257
redstone_dust_line0 0.5483871 0.2580645 0.58064514 0.29032257
redstone_dust_line1 0.58064514 0.2580645 0.61290324 0.29032257
redstone_dust_overlay 0.61290324 0.2580645 0.6451613 0.29032257
redstone_lamp 0.6451613 0.2580645 0.67741936 0.29032257
redstone_lamp_on 0.67741936 0.2580645 0.7096774 0.29032257
redstone_ore 0.7096774 0.2580645 0.7419355 0.29032257
redstone_torch 0.7419355 0.2580645 0.7741935 0.29032257
redstone_torch_off 0.7741935 0.2580645 0.8064516 0.29032257
redstone_wire 0.8064516 0.2580645 0.83870965 0.29032257
reinforced_deepslate_bottom 0.83870965 0.2580645 0.87096775 0.29032257
reinforced_deepslate_side 0.87096775 0.2580645 0.9032258 0.29032257
reinforced_deepslate_top 0.9032258 0.2580645 0.9354839 0.29032257
repeater 0.9354839 0.2580645 0.9677419 0.29032257
repeater_on 0.9677419 0.2580645 1.0 0.29032257
repeating_command_block_back 0.0 0.22580644 0.032258064 0.2580645
repeating_command_block_conditional 0.032258064 0.22580644 0.06451613 0.2580645
repeating_command_block_front 0.06451613 0.22580644 0.09677419 0.2580645
repeating_command_block_side 0.09677419 0.22580644 0.12903225 0.2580645
respawn_anchor_bottom 0.12903225 0.22580644 0.16129032 0.2580645
respawn_anchor_side0 0.16129032 0.22580644 0.19354838 0.2580645
respawn_anchor_side1 0.19354838 0.22580644 0.22580644 0.2580645
respawn_anchor_side2 0.22580644 0.22580644 0.2580645 0.2580645
respawn_anchor_side3 0.2580645 0.22580644 0.29032257 0.2580645
respawn_anchor_side4 0.29032257 0.22580644 0.32258064 0.2580645
respawn_anchor_top 0.32258064 0.22580644 0.3548387 0.2580645
respawn_anchor_top_off 0.3548387 0.22580644 0.38709676 0.2580645
rooted_dirt 0.38709676 0.22580644 0.41935483 0.2580645
rose_bush_bottom 0.41935483 0.22580644 0.4516129 0.2580645
rose_bush_top 0.4516129 0.22580644 0.48387095 0.2580645
sand 0.48387095 0.22580644 0.516129 0.2580645
sandstone 0.516129 0.22580644 0.5483871 0.2580645
sandstone_bottom 0.5483871 0.22580644 0.58064514 0.2580645
sandstone_top 0.58064514 0.22580644 0.61290324 0.2580645
scaffolding_bottom 0.61290324 0.22580644 0.6451613 0.2580645
scaffolding_side 0.6451613 0.22580644 0.67741936 0.2580645
scaffolding_top 0.67741936 0.22580644 0.7096774 0.2580645
sculk 0.7096774 0.22580644 0.7419355 0.2580645
sculk_catalyst_bottom 0.7419355 0.22580644 0.7741935 0.2580645
sculk_catalyst_side 0.7741935 0.22580644 0.8064516 0.2580645
sculk_catalyst_side_bloom 0.8064516 0.22580644 0.83870965 0.2580645
sculk_catalyst_top 0.83870965 0.22580644 0.87096775 0.2580645
sculk_catalyst_top_bloom 0.87096775 0.22580644 0.9032258 0.2580645
sculk_sensor_bottom 0.9032258 0.22580644 0.9354839 0.2580645
sculk_sensor_side 0.9354839 0.22580644 0.9677419 0.2580645
sculk_sensor_tendril_active 0.9677419 0.22580644 1.0 0.2580645
sculk_sensor_tendril_inactive 0.0 0.19354838 0.032258064 0.22580644
sculk_sensor_top 0.032258064 0.19354838 0.06451613 0.22580644
sculk_shrieker_bottom 0.06451613 0.19354838 0.09677419 0.22580644
sculk_shrieker_can_summon_inner_top 0.09677419 0.19354838 0.12903225 0.22580644
sculk_shrieker_inner_top 0.12903225 0.19354838 0.16129032 0.22580644
sculk_shrieker_side 0.16129032 0.19354838 0.19354838 0.22580644
sculk_shrieker_top 0.19354838 0.19354838 0.22580644 0.22580644
sculk_vein 0.22580644 0.19354838 0.2580645 0.22580644
sea_lantern 0.2580645 0.19354838 0.29032257 0.22580644
sea_pickle 0.29032257 0.19354838 0.32258064 0.22580644
seagrass 0.32258064 0.19354838 0.3548387 0.22580644
shroomlight 0.3548387 0.19354838 0.38709676 0.22580644
shulker_box 0.38709676 0.19354838 0.41935483 0.22580644
slime_block 0.41935483 0.19354838 0.4516129 0.22580644
small_amethyst_bud 0.4516129 0.19354838 0.48387095 0.22580644
small_dripleaf_side 0.48387095 0.19354838 0.516129 0.22580644
small_dripleaf_stem_bottom 0.516129 0.19354838 0.5483871 0.22580644
small_dripleaf_stem_top 0.5483871 0.19354838 0.58064514 0.22580644
small_dripleaf_top 0.58064514 0.19354838 0.61290324 0.22580644
smithing_table_bottom 0.61290324 0.19354838 0.6451613 0.22580644
smithing_table_front 0.6451613 0.19354838 0.67741936 0.22580644
smithing_table_side 0.67741936 0.19354838 0.7096774 0.22580644
smithing_table_top 0.7096774 0.19354838 0.7419355 0.22580644
smoker_bottom 0.7419355 0.19354838 0.7741935 0.22580644
smoker_front 0.7741935 0.19354838 0.8064516 0.22580644
smoker_front_on 0.8064516 0.19354838 0.83870965 0.22580644
smoker_side 0.83870965 0.19354838 0.87096775 0.22580644
smoker_top 0.87096775 0.19354838 0.9032258 0.22580644
smooth_basalt 0.9032258 0.19354838 0.9354839 0.22580644
smooth_stone 0.9354839 0.19354838 0.9677419 0.22580644
smooth_stone_slab_side 0.9677419 0.19354838 1.0 0.22580644
sniffer_egg_not_cracked_bottom 0.0 0.16129032 0.032258064 0.19354838
sniffer_egg_not_cracked_east 0.032258064 0.16129032 0.06451613 0.19354838
sniffer_egg_not_cracked_north 0.06451613 0.16129032 0.09677419 0.19354838
sniffer_egg_not_cracked_south 0.09677419 0.16129032 0.12903225 0.19354838
sniffer_egg_not_cracked_top 0.12903225 0.16129032 0.16129032 0.19354838
sniffer_egg_not_cracked_west 0.16129032 0.16129032 0.19354838 0.19354838
sniffer_egg_slightly_cracked_bottom 0.19354838 0.16129032 0.22580644 0.19354838
sniffer_egg_slightly_cracked_east 0.22580644 0.16129032 0.2580645 0.19354838
sniffer_egg_slightly_cracked_north 0.2580645 0.16129032 0.29032257 0.19354838
sniffer_egg_slightly_cracked_south 0.29032257 0.16129032 0.32258064 0.19354838
sniffer_egg_slightly_cracked_top 0.32258064 0.16129032 0.3548387 0.19354838
sniffer_egg_slightly_cracked_west 0.3548387 0.16129032 0.38709676 0.19354838
sniffer_egg_top 0.38709676 0.16129032 0.41935483 0.19354838
sniffer_egg_very_cracked_bottom 0.41935483 0.16129032 0.4516129 0.19354838
sniffer_egg_very_cracked_east 0.4516129 0.16129032 0.48387095 0.19354838
sniffer_egg_very_cracked_north 0.48387095 0.16129032 0.516129 0.19354838
sniffer_egg_very_cracked_south 0.516129 0.16129032 0.5483871 0.19354838
sniffer_egg_very_cracked_top 0.5483871 0.16129032 0.58064514 0.19354838
sniffer_egg_very_cracked_west 0.58064514 0.16129032 0.61290324 0.19354838
snow_copy 0.61290324 0.16129032 0.6451613 0.19354838
snow 0.6451613 0.16129032 0.67741936 0.19354838
soul_campfire_fire 0.67741936 0.16129032 0.7096774 0.19354838
soul_campfire_log_lit 0.7096774 0.16129032 0.7419355 0.19354838
soul_fire_0 0.7419355 0.16129032 0.7741935 0.19354838
soul_fire_1 0.7741935 0.16129032 0.8064516 0.19354838
soul_lantern 0.8064516 0.16129032 0.83870965 0.19354838
soul_sand 0.83870965 0.16129032 0.87096775 0.19354838
soul_soil 0.87096775 0.16129032 0.9032258 0.19354838
soul_torch 0.9032258 0.16129032 0.9354839 0.19354838
spawner 0.9354839 0.16129032 0.9677419 0.19354838
sponge 0.9677419 0.16129032 1.0 0.19354838
spore_blossom 0.0 0.12903225 0.032258064 0.16129032
spore_blossom_base 0.032258064 0.12903225 0.06451613 0.16129032
spruce_door_bottom 0.06451613 0.12903225 0.09677419 0.16129032
spruce_door_top 0.09677419 0.12903225 0.12903225 0.16129032
spruce_leaves 0.12903225 0.12903225 0.16129032 0.16129032
spruce_log 0.16129032 0.12903225 0.19354838 0.16129032
spruce_log_top 0.19354838 0.12903225 0.22580644 0.16129032
spruce_planks 0.22580644 0.12903225 0.2580645 0.16129032
spruce_sapling 0.2580645 0.12903225 0.29032257 0.16129032
spruce_trapdoor 0.29032257 0.12903225 0.32258064 0.16129032
stone 0.32258064 0.12903225 0.3548387 0.16129032
stone_bricks 0.3548387 0.12903225 0.38709676 0.16129032
stonecutter_bottom 0.38709676 0.12903225 0.41935483 0.16129032
stonecutter_saw 0.41935483 0.12903225 0.4516129 0.16129032
stonecutter_side 0.4516129 0.12903225 0.48387095 0.16129032
stonecutter_top 0.48387095 0.12903225 0.516129 0.16129032
stripped_acacia_log 0.516129 0.12903225 0.5483871 0.16129032
stripped_acacia_log_top 0.5483871 0.12903225 0.58064514 0.16129032
stripped_bamboo_block 0.58064514 0.12903225 0.61290324 0.16129032
stripped_bamboo_block_top 0.61290324 0.12903225 0.6451613 0.16129032
stripped_birch_log 0.6451613 0.12903225 0.67741936 0.16129032
stripped_birch_log_top 0.67741936 0.12903225 0.7096774 0.16129032
stripped_cherry_log 0.7096774 0.12903225 0.7419355 0.16129032
stripped_cherry_log_top 0.7419355 0.12903225 0.7741935 0.16129032
stripped_crimson_stem 0.7741935 0.12903225 0.8064516 0.16129032
stripped_crimson_stem_top 0.8064516 0.12903225 0.83870965 0.16129032
stripped_dark_oak_log 0.83870965 0.12903225 0.87096775 0.16129032
stripped_dark_oak_log_top 0.87096775 0.12903225 0.9032258 0.16129032
stripped_jungle_log 0.9032258 0.12903225 0.9354839 0.16129032
stripped_jungle_log_top 0.9354839 0.12903225 0.9677419 0.16129032
stripped_mangrove_log 0.9677419 0.12903225 1.0 0.16129032
stripped_mangrove_log_top 0.0 0.09677419 0.032258064 0.12903225
stripped_oak_log 0.032258064 0.09677419 0.06451613 0.12903225
stripped_oak_log_top 0.06451613 0.09677419 0.09677419 0.12903225
stripped_spruce_log 0.09677419 0.09677419 0.12903225 0.12903225
stripped_spruce_log_top 0.12903225 0.09677419 0.16129032 0.12903225
stripped_warped_stem 0.16129032 0.09677419 0.19354838 0.12903225
stripped_warped_stem_top 0.19354838 0.09677419 0.22580644 0.12903225
structure_block 0.22580644 0.09677419 0.2580645 0.12903225
structure_block_corner 0.2580645 0.09677419 0.29032257 0.12903225
structure_block_data 0.29032257 0.09677419 0.32258064 0.12903225
structure_block_load 0.32258064 0.09677419 0.3548387 0.12903225
structure_block_save 0.3548387 0.09677419 0.38709676 0.12903225
sugar_cane 0.38709676 0.09677419 0.41935483 0.12903225
sunflower_back 0.41935483 0.09677419 0.4516129 0.12903225
sunflower_bottom 0.4516129 0.09677419 0.48387095 0.12903225
sunflower_front 0.48387095 0.09677419 0.516129 0.12903225
sunflower_top 0.516129 0.09677419 0.5483871 0.12903225
suspicious_gravel 0.5483871 0.09677419 0.58064514 0.12903225
suspicious_gravel_0 0.58064514 0.09677419 0.61290324 0.12903225
suspicious_gravel_1 0.61290324 0.09677419 0.6451613 0.12903225
suspicious_gravel_2 0.6451613 0.09677419 0.67741936 0.12903225
suspicious_gravel_3 0.67741936 0.09677419 0.7096774 0.12903225
suspicious_sand 0.7096774 0.09677419 0.7419355 0.12903225
suspicious_sand_0 0.7419355 0.09677419 0.7741935 0.12903225
suspicious_sand_1 0.7741935 0.09677419 0.8064516 0.12903225
suspicious_sand_2 0.8064516 0.09677419 0.83870965 0.12903225
suspicious_sand_3 0.83870965 0.09677419 0.87096775 0.12903225
sweet_berry_bush 0.87096775 0.09677419 0.9032258 0.12903225
sweet_berry_bush_stage0 0.9032258 0.09677419 0.9354839 0.12903225
sweet_berry_bush_stage1 0.9354839 0.09677419 0.9677419 0.12903225
sweet_berry_bush_stage2 0.9677419 0.09677419 1.0 0.12903225
sweet_berry_bush_stage3 0.0 0.06451613 0.032258064 0.09677419
tall_grass_bottom 0.032258064 0.06451613 0.06451613 0.09677419
tall_grass_top 0.06451613 0.06451613 0.09677419 0.09677419
tall_seagrass_bottom 0.09677419 0.06451613 0.12903225 0.09677419
tall_seagrass_top 0.12903225 0.06451613 0.16129032 0.09677419
target_side 0.16129032 0.06451613 0.19354838 0.09677419
target_top 0.19354838 0.06451613 0.22580644 0.09677419
terracotta 0.22580644 0.06451613 0.2580645 0.09677419
tinted_glass 0.2580645 0.06451613 0.29032257 0.09677419
tnt_bottom 0.29032257 0.06451613 0.32258064 0.09677419
tnt_side 0.32258064 0.06451613 0.3548387 0.09677419
tnt_top 0.3548387 0.06451613 0.38709676 0.09677419
torch 0.38709676 0.06451613 0.41935483 0.09677419
torchflower 0.41935483 0.06451613 0.4516129 0.09677419
torchflower_crop_stage0 0.4516129 0.06451613 0.48387095 0.09677419
torchflower_crop_stage1 0.48387095 0.06451613 0.516129 0.09677419
trapped_chest_top 0.516129 0.06451613 0.5483871 0.09677419
tripwire 0.5483871 0.06451613 0.58064514 0.09677419
tripwire_hook 0.58064514 0.06451613 0.61290324 0.09677419
tube_coral 0.61290324 0.06451613 0.6451613 0.09677419
tube_coral_block 0.6451613 0.06451613 0.67741936 0.09677419
tube_coral_fan 0.67741936 0.06451613 0.7096774 0.09677419
tuff 0.7096774 0.06451613 0.7419355 0.09677419
turtle_egg 0.7419355 0.06451613 0.7741935 0.09677419
turtle_egg_slightly_cracked 0.7741935 0.06451613 0.8064516 0.09677419
turtle_egg_very_cracked 0.8064516 0.06451613 0.83870965 0.09677419
twisting_vines 0.83870965 0.06451613 0.87096775 0.09677419
twisting_vines_plant 0.87096775 0.06451613 0.9032258 0.09677419
verdant_froglight_side 0.9032258 0.06451613 0.9354839 0.09677419
verdant_froglight_top 0.9354839 0.06451613 0.9677419 0.09677419
vine 0.9677419 0.06451613 1.0 0.09677419
warped_door_bottom 0.0 0.032258064 0.032258064 0.06451613
warped_door_top 0.032258064 0.032258064 0.06451613 0.06451613
warped_fungus 0.06451613 0.032258064 0.09677419 0.06451613
warped_nylium 0.09677419 0.032258064 0.12903225 0.06451613
warped_nylium_side 0.12903225 0.032258064 0.16129032 0.06451613
warped_planks 0.16129032 0.032258064 0.19354838 0.06451613
warped_roots 0.19354838 0.032258064 0.22580644 0.06451613
warped_roots_pot 0.22580644 0.032258064 0.2580645 0.06451613
warped_stem 0.2580645 0.032258064 0.29032257 0.06451613
warped_stem_top 0.29032257 0.032258064 0.32258064 0.06451613
warped_trapdoor 0.32258064 0.032258064 0.3548387 0.06451613
warped_wart_block 0.3548387 0.032258064 0.38709676 0.06451613
water 0.38709676 0.032258064 0.41935483 0.06451613
water_flow 0.41935483 0.032258064 0.4516129 0.06451613
water_overlay 0.4516129 0.032258064 0.48387095 0.06451613
water_still 0.48387095 0.032258064 0.516129 0.06451613
weathered_copper 0.516129 0.032258064 0.5483871 0.06451613
weathered_cut_copper 0.5483871 0.032258064 0.58064514 0.06451613
weeping_vines 0.58064514 0.032258064 0.61290324 0.06451613
weeping_vines_plant 0.61290324 0.032258064 0.6451613 0.06451613
wet_sponge 0.6451613 0.032258064 0.67741936 0.06451613
wheat 0.67741936 0.032258064 0.7096774 0.06451613
wheat_stage0 0.7096774 0.032258064 0.7419355 0.06451613
wheat_stage1 0.7419355 0.032258064 0.7741935 0.06451613
wheat_stage2 0.7741935 0.032258064 0.8064516 0.06451613
wheat_stage3 0.8064516 0.032258064 0.83870965 0.06451613
wheat_stage4 0.83870965 0.032258064 0.87096775 0.06451613
wheat_stage5 0.87096775 0.032258064 0.9032258 0.06451613
wheat_stage6 0.9032258 0.032258064 0.9354839 0.06451613
wheat_stage7 0.9354839 0.032258064 0.9677419 0.06451613
white_candle 0.9677419 0.032258064 1.0 0.06451613
white_candle_lit 0.0 0.0 0.032258064 0.032258064
white_concrete 0.032258064 0.0 0.06451613 0.032258064
white_concrete_powder 0.06451613 0.0 0.09677419 0.032258064
white_glazed_terracotta 0.09677419 0.0 0.12903225 0.032258064
white_shulker_box 0.12903225 0.0 0.16129032 0.032258064
white_stained_glass 0.16129032 0.0 0.19354838 0.032258064
white_stained_glass_pane_top 0.19354838 0.0 0.22580644 0.032258064
white_terracotta 0.22580644 0.0 0.2580645 0.032258064
white_tulip 0.2580645 0.0 0.29032257 0.032258064
white_wool 0.29032257 0.0 0.32258064 0.032258064
wither_rose 0.32258064 0.0 0.3548387 0.032258064
yellow_candle 0.3548387 0.0 0.38709676 0.032258064
yellow_candle_lit 0.38709676 0.0 0.41935483 0.032258064
yellow_concrete 0.41935483 0.0 0.4516129 0.032258064
yellow_concrete_powder 0.4516129 0.0 0.48387095 0.032258064
yellow_glazed_terracotta 0.48387095 0.0 0.516129 0.032258064
yellow_shulker_box 0.516129 0.0 0.5483871 0.032258064
yellow_stained_glass 0.5483871 0.0 0.58064514 0.032258064
yellow_stained_glass_pane_top 0.58064514 0.0 0.61290324 0.032258064
yellow_terracotta 0.61290324 0.0 0.6451613 0.032258064
yellow_wool 0.6451613 0.0 0.67741936 0.032258064